000000000000000000
000000000000000000
000000000000000000
000000000000000000
000000000000000000
000000000000000000
000000000000000000
000000000000000000
000000000000000000
000000000000000000
000000000000000000
000000000000000000
000000000000000000
000000000000000000
000000000000000000
000000000000000000
000000000000000000
000000000000000000
000000000000000000
000000000000000000
000000000000000000
000000000000000000
000000000000000000
000000000000000000
000000000000000000
000000000000000000
000000000000000000
000000000000000000
000000000000000000
000000000000000000
000000000000000000
000000000000000000
000000000000000000
000000000000000000
000000000000000000
000000000000000000
000000000000000000
000000000000000000
000000000000000000
000000000000000000
000000000000000000
000000000000000000
000000000000000000
000000000000000000
000000000000000000
000000000000000000
000000000000000000
000000000000000000
000000000000000000
000000000000000000
000000000000000000
000000000000000000
000000000000000000
000000000000000000
000000000000000000
000000000000000000
000000000000000000
000000000000000001
000000000000000000
000000000000000000
000000000000000000
111111111111111110
000000000000000010
000000000000000000
000000000000000000
111111111111111101
000000000000000011
111111111111111111
111111111111111111
111111111111111111
000000000000000100
111111111111111111
111111111111111111
000000000000000000
000000000000000110
111111111111111111
111111111111111111
000000000000000000
000000000000000110
111111111111111111
111111111111111111
111111111111111110
000000000000000111
111111111111111110
111111111111111110
000000000000000000
000000000000001001
111111111111111110
111111111111111110
000000000000000000
000000000000001011
000000000000000000
000000000000000000
000000000000000010
000000000000001100
000000000000000001
000000000000000001
000000000000000101
000000000000010000
000000000000000010
000000000000000010
000000000000000111
000000000000010010
111111111111111111
111111111111111111
000000000000000110
000000000000010011
111111111111111111
111111111111111111
000000000000000111
000000000000010101
000000000000000001
000000000000000001
000000000000001000
000000000000010110
111111111111111111
111111111111111111
000000000000001000
000000000000010110
111111111111111111
111111111111111111
000000000000001000
000000000000010110
111111111111111111
111111111111111111
000000000000000111
000000000000010111
111111111111111111
111111111111111111
000000000000001001
000000000000011001
111111111111111101
111111111111111101
000000000000001001
000000000000011011
111111111111111111
111111111111111111
000000000000001010
000000000000011011
000000000000000001
000000000000000001
000000000000001010
000000000000011011
000000000000000001
000000000000000001
000000000000001011
000000000000011011
000000000000000001
000000000000000001
000000000000001011
000000000000011100
000000000000000001
000000000000000001
000000000000001100
000000000000011110
000000000000000011
000000000000000011
000000000000001100
000000000000011110
000000000000000011
000000000000000011
000000000000010000
000000000000100001
000000000000000010
000000000000000010
000000000000010010
000000000000100100
111111111111111111
111111111111111111
000000000000010011
000000000000100101
111111111111111101
111111111111111101
000000000000010000
000000000000100101
111111111111111010
111111111111111010
000000000000001110
000000000000100111
111111111111111011
111111111111111011
000000000000001101
000000000000101010
111111111111111000
111111111111111000
000000000000001101
000000000000101010
111111111111111000
111111111111111000
000000000000001100
000000000000101011
111111111111111001
111111111111111001
000000000000001101
000000000000101011
111111111111111001
111111111111111001
000000000000001100
000000000000101100
111111111111111000
111111111111111000
000000000000001011
000000000000101101
111111111111110111
111111111111110111
000000000000001100
000000000000101101
111111111111110111
111111111111110111
000000000000001100
000000000000101110
111111111111110110
111111111111110110
000000000000001101
000000000000101110
111111111111110110
111111111111110110
000000000000001011
000000000000101111
111111111111110101
111111111111110101
000000000000001010
000000000000110000
111111111111110111
111111111111110111
000000000000001010
000000000000110000
111111111111110111
111111111111110111
000000000000001000
000000000000110001
111111111111110111
111111111111110111
000000000000001000
000000000000110001
111111111111111000
111111111111111000
000000000000001010
000000000000110001
111111111111111000
111111111111111000
000000000000001001
000000000000110010
111111111111110111
111111111111110111
000000000000001000
000000000000110011
111111111111111001
111111111111111001
000000000000001000
000000000000110100
111111111111111000
111111111111111000
000000000000000111
000000000000110100
111111111111111001
111111111111111001
000000000000001000
000000000000110100
111111111111111001
111111111111111001
000000000000000111
000000000000110110
111111111111111000
111111111111111000
000000000000001000
000000000000110110
111111111111111000
111111111111111000
000000000000001010
000000000000111000
111111111111110111
111111111111110111
000000000000001010
000000000000111001
111111111111110111
111111111111110111
000000000000001001
000000000000111010
111111111111111001
111111111111111001
000000000000001001
000000000000111011
111111111111111000
111111111111111000
000000000000001001
000000000000111011
111111111111111000
111111111111111000
000000000000001001
000000000000111100
111111111111111000
111111111111111000
000000000000001001
000000000000111100
111111111111111001
111111111111111001
000000000000001001
000000000000111100
111111111111111000
111111111111111000
000000000000001001
000000000000111100
111111111111111000
111111111111111000
000000000000001001
000000000000111100
111111111111111000
111111111111111000
000000000000001000
000000000000111100
111111111111111000
111111111111111000
000000000000001000
000000000000111100
111111111111111000
111111111111111000
000000000000001001
000000000000111100
111111111111111000
111111111111111000
000000000000001010
000000000000111101
111111111111111000
111111111111111000
000000000000001011
000000000000111110
111111111111111001
111111111111111001
000000000000001011
000000000000111111
111111111111111010
111111111111111010
000000000000001010
000000000000111111
111111111111111011
111111111111111011
000000000000001010
000000000000111111
111111111111111011
111111111111111011
000000000000001010
000000000000111111
111111111111111011
111111111111111011
000000000000001010
000000000000111111
111111111111111011
111111111111111011
000000000000001001
000000000000111111
111111111111111011
111111111111111011
000000000000001010
000000000000111111
111111111111111100
111111111111111100
000000000000001001
000000000000111111
111111111111111010
111111111111111010
000000000000001001
000000000000111111
111111111111111011
111111111111111011
000000000000001001
000000000001000000
111111111111111010
111111111111111010
000000000000001001
000000000001000001
111111111111111011
111111111111111011
000000000000001001
000000000001000001
111111111111111100
111111111111111100
000000000000001001
000000000001000001
111111111111111100
111111111111111100
000000000000001000
000000000001000001
111111111111111100
111111111111111100
000000000000001000
000000000001000001
111111111111111100
111111111111111100
000000000000001000
000000000001000001
111111111111111011
111111111111111011
000000000000000111
000000000001000001
111111111111111010
111111111111111010
000000000000000111
000000000001000001
111111111111111010
111111111111111010
000000000000000110
000000000001000010
111111111111111001
111111111111111001
000000000000000110
000000000001000010
111111111111111001
111111111111111001
000000000000000101
000000000001000010
111111111111111000
111111111111111000
000000000000000101
000000000001000010
111111111111111000
111111111111111000
000000000000000101
000000000001000010
111111111111111000
111111111111111000
000000000000000101
000000000001000010
111111111111110111
111111111111110111
000000000000000101
000000000001000011
111111111111110110
111111111111110110
000000000000000101
000000000001000011
111111111111110110
111111111111110110
000000000000000100
000000000001000011
111111111111110110
111111111111110110
000000000000000100
000000000001000011
111111111111110101
111111111111110101
000000000000000100
000000000001000011
111111111111110101
111111111111110101
000000000000000100
000000000001000011
111111111111110101
111111111111110101
000000000000000011
000000000001000011
111111111111110101
111111111111110101
000000000000000100
000000000001000011
111111111111110100
111111111111110100
000000000000000100
000000000001000100
111111111111110011
111111111111110011
000000000000000100
000000000001000101
111111111111110100
111111111111110100
000000000000000100
000000000001000101
111111111111110100
111111111111110100
000000000000000100
000000000001000101
111111111111110100
111111111111110100
000000000000000100
000000000001000100
111111111111110011
111111111111110011
000000000000000011
000000000001000100
111111111111110010
111111111111110010
000000000000000011
000000000001000011
111111111111110010
111111111111110010
000000000000000011
000000000001000011
111111111111110001
111111111111110001
000000000000000011
000000000001000011
111111111111110001
111111111111110001
000000000000000011
000000000001000010
111111111111110001
111111111111110001
000000000000000100
000000000001000010
111111111111110000
111111111111110000
000000000000000101
000000000001000011
111111111111110000
111111111111110000
000000000000000101
000000000001000100
111111111111110000
111111111111110000
000000000000000101
000000000001000100
111111111111110000
111111111111110000
000000000000000110
000000000001000100
111111111111110000
111111111111110000
000000000000000101
000000000001000101
111111111111110000
111111111111110000
000000000000000110
000000000001000101
111111111111110000
111111111111110000
000000000000000101
000000000001000110
111111111111101111
111111111111101111
000000000000000101
000000000001000101
111111111111110000
111111111111110000
000000000000000101
000000000001000101
111111111111110000
111111111111110000
000000000000000101
000000000001000101
111111111111110000
111111111111110000
000000000000000101
000000000001000101
111111111111110000
111111111111110000
000000000000000101
000000000001000101
111111111111110000
111111111111110000
000000000000000110
000000000001000101
111111111111110000
111111111111110000
000000000000000110
000000000001000110
111111111111110000
111111111111110000
000000000000000101
000000000001000110
111111111111110001
111111111111110001
000000000000000110
000000000001000101
111111111111110001
111111111111110001
000000000000000110
000000000001000110
111111111111110000
111111111111110000
000000000000000110
000000000001000110
111111111111110001
111111111111110001
000000000000000111
000000000001000110
111111111111110001
111111111111110001
000000000000000111
000000000001000111
111111111111110001
111111111111110001
000000000000000111
000000000001000111
111111111111110010
111111111111110010
000000000000000111
000000000001000111
111111111111110010
111111111111110010
000000000000000110
000000000001000111
111111111111110010
111111111111110010
000000000000000110
000000000001000111
111111111111110010
111111111111110010
000000000000000101
000000000001000111
111111111111110001
111111111111110001
000000000000000110
000000000001000110
111111111111110010
111111111111110010
000000000000000101
000000000001000111
111111111111110001
111111111111110001
000000000000000101
000000000001000111
111111111111110010
111111111111110010
000000000000000101
000000000001000111
111111111111110001
111111111111110001
000000000000000101
000000000001000111
111111111111110001
111111111111110001
000000000000000101
000000000001000111
111111111111110001
111111111111110001
000000000000000101
000000000001000111
111111111111110001
111111111111110001
000000000000000110
000000000001000111
111111111111110001
111111111111110001
000000000000000110
000000000001001000
111111111111110001
111111111111110001
000000000000000110
000000000001001000
111111111111110001
111111111111110001
000000000000000111
000000000001001000
111111111111110001
111111111111110001
000000000000000111
000000000001001001
111111111111110000
111111111111110000
000000000000000111
000000000001001001
111111111111110001
111111111111110001
000000000000001000
000000000001001001
111111111111110001
111111111111110001
000000000000000111
000000000001001010
111111111111110001
111111111111110001
000000000000000111
000000000001001001
111111111111110010
111111111111110010
000000000000001000
000000000001001001
111111111111110001
111111111111110001
000000000000001001
000000000001001010
111111111111110001
111111111111110001
000000000000001001
000000000001001011
111111111111110010
111111111111110010
000000000000001001
000000000001001011
111111111111110010
111111111111110010
000000000000001001
000000000001001011
111111111111110010
111111111111110010
000000000000001001
000000000001001011
111111111111110010
111111111111110010
000000000000001001
000000000001001011
111111111111110010
111111111111110010
000000000000001001
000000000001001011
111111111111110010
111111111111110010
000000000000001001
000000000001001011
111111111111110010
111111111111110010
000000000000001001
000000000001001100
111111111111110010
111111111111110010
000000000000001001
000000000001001100
111111111111110011
111111111111110011
000000000000001001
000000000001001101
111111111111110011
111111111111110011
000000000000001001
000000000001001101
111111111111110011
111111111111110011
000000000000001001
000000000001001101
111111111111110011
111111111111110011
000000000000001001
000000000001001101
111111111111110011
111111111111110011
000000000000001001
000000000001001100
111111111111110011
111111111111110011
000000000000001001
000000000001001100
111111111111110010
111111111111110010
000000000000001010
000000000001001011
111111111111110001
111111111111110001
000000000000001010
000000000001001100
111111111111110001
111111111111110001
000000000000001010
000000000001001100
111111111111110010
111111111111110010
000000000000001001
000000000001001100
111111111111110010
111111111111110010
000000000000001001
000000000001001011
111111111111110010
111111111111110010
000000000000001001
000000000001001011
111111111111110001
111111111111110001
000000000000001001
000000000001001011
111111111111110001
111111111111110001
000000000000001001
000000000001001011
111111111111110001
111111111111110001
000000000000001001
000000000001001011
111111111111110001
111111111111110001
000000000000001000
000000000001001011
111111111111110001
111111111111110001
000000000000001001
000000000001001010
111111111111110010
111111111111110010
000000000000001001
000000000001001011
111111111111110001
111111111111110001
000000000000001000
000000000001001011
111111111111110010
111111111111110010
000000000000000111
000000000001001010
111111111111110010
111111111111110010
000000000000000111
000000000001001001
111111111111110001
111111111111110001
000000000000001000
000000000001001001
111111111111110000
111111111111110000
000000000000001000
000000000001001010
111111111111110000
111111111111110000
000000000000001000
000000000001001011
111111111111110001
111111111111110001
000000000000001000
000000000001001011
111111111111110001
111111111111110001
000000000000001000
000000000001001011
111111111111110001
111111111111110001
000000000000001001
000000000001001011
111111111111110001
111111111111110001
000000000000001001
000000000001001100
111111111111110001
111111111111110001
000000000000001001
000000000001001100
111111111111110010
111111111111110010
000000000000001001
000000000001001100
111111111111110010
111111111111110010
000000000000001000
000000000001001100
111111111111110010
111111111111110010
000000000000000111
000000000001001011
111111111111110010
111111111111110010
000000000000000111
000000000001001010
111111111111110001
111111111111110001
000000000000000111
000000000001001010
111111111111110000
111111111111110000
000000000000000111
000000000001001010
111111111111110000
111111111111110000
000000000000000110
000000000001001010
111111111111110000
111111111111110000
000000000000000110
000000000001001001
111111111111110000
111111111111110000
000000000000000111
000000000001001001
111111111111101111
111111111111101111
000000000000000111
000000000001001010
111111111111101111
111111111111101111
000000000000000111
000000000001001010
111111111111110000
111111111111110000
000000000000000111
000000000001001010
111111111111110000
111111111111110000
000000000000000111
000000000001001010
111111111111110000
111111111111110000
000000000000000111
000000000001001010
111111111111110000
111111111111110000
000000000000000111
000000000001001010
111111111111110000
111111111111110000
000000000000000110
000000000001001010
111111111111110000
111111111111110000
000000000000000110
000000000001001001
111111111111101111
111111111111101111
000000000000000110
000000000001001001
111111111111101110
111111111111101110
000000000000000101
000000000001001001
111111111111101110
111111111111101110
000000000000000101
000000000001001000
111111111111101110
111111111111101110
000000000000000101
000000000001001000
111111111111101101
111111111111101101
000000000000000100
000000000001001000
111111111111101101
111111111111101101
000000000000000101
000000000001000111
111111111111101101
111111111111101101
000000000000000101
000000000001001000
111111111111101100
111111111111101100
000000000000000110
000000000001001000
111111111111101100
111111111111101100
000000000000000111
000000000001001001
111111111111101100
111111111111101100
000000000000000111
000000000001001010
111111111111101101
111111111111101101
000000000000000111
000000000001001010
111111111111101110
111111111111101110
000000000000000110
000000000001001010
111111111111101110
111111111111101110
000000000000000110
000000000001001010
111111111111101110
111111111111101110
000000000000000110
000000000001001010
111111111111101110
111111111111101110
000000000000000111
000000000001001010
111111111111101110
111111111111101110
000000000000000111
000000000001001011
111111111111101110
111111111111101110
000000000000000111
000000000001001011
111111111111101110
111111111111101110
000000000000001000
000000000001001011
111111111111101110
111111111111101110
000000000000001000
000000000001001100
111111111111101110
111111111111101110
000000000000001001
000000000001001101
111111111111101111
111111111111101111
000000000000001010
000000000001001110
111111111111110000
111111111111110000
000000000000001001
000000000001001110
111111111111110001
111111111111110001
000000000000001010
000000000001001101
111111111111110010
111111111111110010
000000000000001010
000000000001001110
111111111111110010
111111111111110010
000000000000001011
000000000001001101
111111111111110011
111111111111110011
000000000000001010
000000000001001110
111111111111110011
111111111111110011
000000000000001010
000000000001001101
111111111111110100
111111111111110100
000000000000001010
000000000001001101
111111111111110011
111111111111110011
000000000000001010
000000000001001101
111111111111110011
111111111111110011
000000000000001010
000000000001001101
111111111111110011
111111111111110011
000000000000001001
000000000001001101
111111111111110011
111111111111110011
000000000000001010
000000000001001100
111111111111110011
111111111111110011
000000000000001010
000000000001001100
111111111111110011
111111111111110011
000000000000001010
000000000001001100
111111111111110100
111111111111110100
000000000000001010
000000000001001100
111111111111110100
111111111111110100
000000000000001001
000000000001001100
111111111111110100
111111111111110100
000000000000001010
000000000001001011
111111111111110100
111111111111110100
000000000000001010
000000000001001011
111111111111110011
111111111111110011
000000000000001010
000000000001001011
111111111111110011
111111111111110011
000000000000001010
000000000001001011
111111111111110011
111111111111110011
000000000000001010
000000000001001011
111111111111110011
111111111111110011
000000000000001001
000000000001001011
111111111111110011
111111111111110011
000000000000001001
000000000001001010
111111111111110011
111111111111110011
000000000000001001
000000000001001010
111111111111110010
111111111111110010
000000000000001001
000000000001001010
111111111111110010
111111111111110010
000000000000001001
000000000001001010
111111111111110010
111111111111110010
000000000000001000
000000000001001010
111111111111110010
111111111111110010
000000000000000111
000000000001001001
111111111111110010
111111111111110010
000000000000001000
000000000001001000
111111111111110001
111111111111110001
000000000000001001
000000000001001001
111111111111110000
111111111111110000
000000000000001001
000000000001001010
111111111111110001
111111111111110001
000000000000001001
000000000001001010
111111111111110001
111111111111110001
000000000000001001
000000000001001010
111111111111110001
111111111111110001
000000000000001001
000000000001001010
111111111111110001
111111111111110001
000000000000001001
000000000001001010
111111111111110001
111111111111110001
000000000000001001
000000000001001010
111111111111110001
111111111111110001
000000000000001001
000000000001001010
111111111111110001
111111111111110001
000000000000001010
000000000001001010
111111111111110001
111111111111110001
000000000000001011
000000000001001011
111111111111110001
111111111111110001
000000000000001011
000000000001001100
111111111111110010
111111111111110010
000000000000001011
000000000001001100
111111111111110011
111111111111110011
000000000000001010
000000000001001100
111111111111110011
111111111111110011
000000000000001010
000000000001001011
111111111111110010
111111111111110010
000000000000001010
000000000001001011
111111111111110001
111111111111110001
000000000000001011
000000000001001010
111111111111110001
111111111111110001
000000000000001010
000000000001001011
111111111111110001
111111111111110001
000000000000001010
000000000001001010
111111111111110010
111111111111110010
000000000000001010
000000000001001010
111111111111110001
111111111111110001
000000000000001010
000000000001001010
111111111111110001
111111111111110001
000000000000001010
000000000001001010
111111111111110001
111111111111110001
000000000000001010
000000000001001010
111111111111110001
111111111111110001
000000000000001010
000000000001001010
111111111111110001
111111111111110001
000000000000001010
000000000001001010
111111111111110001
111111111111110001
000000000000001010
000000000001001010
111111111111110001
111111111111110001
000000000000001010
000000000001001010
111111111111110001
111111111111110001
000000000000001010
000000000001001010
111111111111110001
111111111111110001
000000000000001010
000000000001001010
111111111111110001
111111111111110001
000000000000001001
000000000001001010
111111111111110001
111111111111110001
000000000000001000
000000000001001001
111111111111110001
111111111111110001
000000000000001000
000000000001001000
111111111111110000
111111111111110000
000000000000001001
000000000001001000
111111111111101111
111111111111101111
000000000000001010
000000000001001001
111111111111110000
111111111111110000
000000000000001010
000000000001001010
111111111111110001
111111111111110001
000000000000001001
000000000001001010
111111111111110010
111111111111110010
000000000000001001
000000000001001001
111111111111110010
111111111111110010
000000000000001001
000000000001001001
111111111111110010
111111111111110010
000000000000001001
000000000001001001
111111111111110010
111111111111110010
000000000000001010
000000000001001001
111111111111110010
111111111111110010
000000000000001010
000000000001001001
111111111111110010
111111111111110010
000000000000001010
000000000001001001
111111111111110010
111111111111110010
000000000000001010
000000000001001001
111111111111110010
111111111111110010
000000000000001010
000000000001001001
111111111111110010
111111111111110010
000000000000001001
000000000001001000
111111111111110011
111111111111110011
000000000000001000
000000000001000111
111111111111110010
111111111111110010
000000000000001000
000000000001000110
111111111111110001
111111111111110001
000000000000000111
000000000001000110
111111111111110000
111111111111110000
000000000000000110
000000000001000101
111111111111110000
111111111111110000
000000000000000110
000000000001000100
111111111111101111
111111111111101111
000000000000000110
000000000001000100
111111111111101110
111111111111101110
000000000000000110
000000000001000100
111111111111101110
111111111111101110
000000000000000110
000000000001000100
111111111111101110
111111111111101110
000000000000000110
000000000001000100
111111111111101110
111111111111101110
000000000000000111
000000000001000100
111111111111101110
111111111111101110
000000000000000111
000000000001000101
111111111111101110
111111111111101110
000000000000000110
000000000001000101
111111111111101111
111111111111101111
000000000000000111
000000000001000100
111111111111101111
111111111111101111
000000000000001000
000000000001000101
111111111111101110
111111111111101110
000000000000001000
000000000001000101
111111111111101111
111111111111101111
000000000000001000
000000000001000101
111111111111101111
111111111111101111
000000000000001001
000000000001000101
111111111111101111
111111111111101111
000000000000001010
000000000001000110
111111111111101111
111111111111101111
000000000000001010
000000000001000111
111111111111110000
111111111111110000
000000000000001010
000000000001000111
111111111111110001
111111111111110001
000000000000001010
000000000001000111
111111111111110001
111111111111110001
000000000000001010
000000000001000111
111111111111110001
111111111111110001
000000000000001010
000000000001000111
111111111111110001
111111111111110001
000000000000001001
000000000001000111
111111111111110001
111111111111110001
000000000000001001
000000000001000110
111111111111110001
111111111111110001
000000000000001000
000000000001000110
111111111111110000
111111111111110000
000000000000001000
000000000001000101
111111111111110000
111111111111110000
000000000000001001
000000000001000101
111111111111101111
111111111111101111
000000000000001010
000000000001000110
111111111111101111
111111111111101111
000000000000001010
000000000001000111
111111111111110000
111111111111110000
000000000000001010
000000000001000111
111111111111110000
111111111111110000
000000000000001010
000000000001000111
111111111111110000
111111111111110000
000000000000001010
000000000001000111
111111111111110000
111111111111110000
000000000000001010
000000000001000111
111111111111110000
111111111111110000
000000000000001010
000000000001000111
111111111111110000
111111111111110000
000000000000001011
000000000001000110
111111111111110000
111111111111110000
000000000000001011
000000000001000111
111111111111101111
111111111111101111
000000000000001100
000000000001000111
111111111111110000
111111111111110000
000000000000001101
000000000001001000
111111111111110000
111111111111110000
000000000000001101
000000000001001001
111111111111110001
111111111111110001
000000000000001101
000000000001001001
111111111111110010
111111111111110010
000000000000001101
000000000001001001
111111111111110010
111111111111110010
000000000000001101
000000000001001010
111111111111110010
111111111111110010
000000000000001101
000000000001001010
111111111111110011
111111111111110011
000000000000001110
000000000001001010
111111111111110011
111111111111110011
000000000000001111
000000000001001011
111111111111110011
111111111111110011
000000000000001111
000000000001001011
111111111111110011
111111111111110011
000000000000010000
000000000001001011
111111111111110011
111111111111110011
000000000000010000
000000000001001011
111111111111110011
111111111111110011
000000000000010000
000000000001001011
111111111111110100
111111111111110100
000000000000010000
000000000001001011
111111111111110100
111111111111110100
000000000000010000
000000000001001011
111111111111110100
111111111111110100
000000000000010000
000000000001001011
111111111111110100
111111111111110100
000000000000010000
000000000001001010
111111111111110100
111111111111110100
000000000000010000
000000000001001010
111111111111110011
111111111111110011
000000000000010000
000000000001001010
111111111111110011
111111111111110011
000000000000010000
000000000001001010
111111111111110011
111111111111110011
000000000000001111
000000000001001010
111111111111110011
111111111111110011
000000000000001110
000000000001001001
111111111111110011
111111111111110011
000000000000001110
000000000001001000
111111111111110010
111111111111110010
000000000000001110
000000000001001000
111111111111110001
111111111111110001
000000000000001110
000000000001001000
111111111111110001
111111111111110001
000000000000001110
000000000001001000
111111111111110001
111111111111110001
000000000000001110
000000000001001000
111111111111110010
111111111111110010
000000000000001110
000000000001001000
111111111111110010
111111111111110010
000000000000001110
000000000001001000
111111111111110010
111111111111110010
000000000000001110
000000000001001000
111111111111110010
111111111111110010
000000000000001110
000000000001001000
111111111111110010
111111111111110010
000000000000001110
000000000001001000
111111111111110010
111111111111110010
000000000000001110
000000000001001000
111111111111110010
111111111111110010
000000000000001110
000000000001001000
111111111111110010
111111111111110010
000000000000001111
000000000001001001
111111111111110010
111111111111110010
000000000000001111
000000000001001001
111111111111110010
111111111111110010
000000000000001111
000000000001001001
111111111111110010
111111111111110010
000000000000001111
000000000001001001
111111111111110010
111111111111110010
000000000000001111
000000000001001001
111111111111110010
111111111111110010
000000000000010000
000000000001001010
111111111111110010
111111111111110010
000000000000010000
000000000001001011
111111111111110011
111111111111110011
000000000000010000
000000000001001011
111111111111110100
111111111111110100
000000000000010001
000000000001001011
111111111111110100
111111111111110100
000000000000010001
000000000001001100
111111111111110100
111111111111110100
000000000000010001
000000000001001100
111111111111110101
111111111111110101
000000000000010001
000000000001001100
111111111111110101
111111111111110101
000000000000010001
000000000001001100
111111111111110101
111111111111110101
000000000000010001
000000000001001100
111111111111110101
111111111111110101
000000000000010001
000000000001001100
111111111111110101
111111111111110101
000000000000010001
000000000001001100
111111111111110101
111111111111110101
000000000000010000
000000000001001100
111111111111110101
111111111111110101
000000000000010000
000000000001001011
111111111111110101
111111111111110101
000000000000010000
000000000001001011
111111111111110100
111111111111110100
000000000000010000
000000000001001011
111111111111110100
111111111111110100
000000000000010000
000000000001001011
111111111111110100
111111111111110100
000000000000010000
000000000001001011
111111111111110100
111111111111110100
000000000000010001
000000000001001011
111111111111110100
111111111111110100
000000000000010001
000000000001001100
111111111111110100
111111111111110100
000000000000010001
000000000001001100
111111111111110101
111111111111110101
000000000000010001
000000000001001100
111111111111110101
111111111111110101
000000000000010001
000000000001001100
111111111111110101
111111111111110101
000000000000010001
000000000001001100
111111111111110101
111111111111110101
000000000000010000
000000000001001100
111111111111110101
111111111111110101
000000000000001111
000000000001001011
111111111111110101
111111111111110101
000000000000001110
000000000001001010
111111111111110100
111111111111110100
000000000000001101
000000000001001001
111111111111110011
111111111111110011
000000000000001110
000000000001001000
111111111111110010
111111111111110010
000000000000001101
000000000001001001
111111111111110001
111111111111110001
000000000000001101
000000000001001000
111111111111110010
111111111111110010
000000000000001101
000000000001000111
111111111111110001
111111111111110001
000000000000001101
000000000001000111
111111111111110000
111111111111110000
000000000000001101
000000000001000111
111111111111110000
111111111111110000
000000000000001100
000000000001000111
111111111111110000
111111111111110000
000000000000001100
000000000001000111
111111111111110000
111111111111110000
000000000000001101
000000000001000111
111111111111101111
111111111111101111
000000000000001101
000000000001000111
111111111111101111
111111111111101111
000000000000001101
000000000001000111
111111111111101111
111111111111101111
000000000000001101
000000000001000111
111111111111101111
111111111111101111
000000000000001100
000000000001000111
111111111111101111
111111111111101111
000000000000001100
000000000001000110
111111111111101111
111111111111101111
000000000000001100
000000000001000110
111111111111101110
111111111111101110
000000000000001101
000000000001000110
111111111111101110
111111111111101110
000000000000001101
000000000001000111
111111111111101110
111111111111101110
000000000000001110
000000000001000111
111111111111101111
111111111111101111
000000000000001101
000000000001000111
111111111111101111
111111111111101111
000000000000001101
000000000001000110
111111111111101111
111111111111101111
000000000000001101
000000000001000110
111111111111101110
111111111111101110
000000000000001101
000000000001000110
111111111111101110
111111111111101110
000000000000001101
000000000001000111
111111111111101110
111111111111101110
000000000000001110
000000000001000111
111111111111101110
111111111111101110
000000000000001110
000000000001001000
111111111111101110
111111111111101110
000000000000001110
000000000001001000
111111111111101111
111111111111101111
