000001110111
000010000000
000001110001
001001000111
001101011101
111110000000
110110011000
111000101100
111101001001
110001011000
101111100101
111011010000
111001110000
000011101110
000100001000
101101110000
101111100101
110000110000
101111110000
111011100000
111101010100
110001111010
110010111101
110000011110
101001010111
110101000111
110110111011
101100000011
101100001100
000011101000
000011111100
000011110101
000110111101
111010111100
111001100101
111001001111
110110011000
000101100110
001101010111
001100111010
001101001011
001011110110
001010001010
111110001000
111100110001
111100111101
111101001001
110000000011
101100100011
101110010110
101111110000
111011010000
111001100101
010010011111
011011000110
110110001000
110010100110
110001100100
101000111111
001101010100
010100111000
101111001101
101000011101
010000100010
011011000110
111111010010
111001100101
110000000100
101111011001
000111000110
000110111101
010010010101
010111101110
110010101011
101011110101
000101110001
001010101101
110010010010
101111001101
000111011000
000110111101
010011001001
010111001011
010100000011
010000111101
111001111110
111001011001
111100111110
111111110011
010101101101
010100001010
010010111111
010011111110
001010010111
001100110100
010111011010
010111101110
110010011001
101100000001
111010101111
111100111101
000110111011
000111010100
110001011111
110010011010
001001100000
000110111101
010011101011
011010101111
000010110010
111111011011
010111100100
011011000110
110011001100
101000110100
110111110011
111001100101
010011010011
011010100100
010111110001
010111100010
110010101011
101100000001
111010011101
111101001001
111011111001
111001100101
000011111111
000100001000
101101001110
101100000001
000101110001
001010100001
111110011000
000000001010
110100110111
110010110001
111111100001
000000001010
001001000011
000111010100
101110000001
101000111111
110111110010
111101010100
110000100110
101100000001
010001100111
010111100010
010011110010
010000110010
001000001110
001100110100
010110010110
010100100001
110001010101
101111001101
111101111011
000000001010
001010000111
001010100001
110001110001
101011110101
010001111000
010111100010
010100000011
010000100110
010001011001
010011111110
001000110000
001001111110
111100110100
110110000001
010000111001
011011000110
110011011110
101000101000
000011111001
001010100001
111011011101
110110011000
110111000110
110110011000
000010111011
000111010100
101111111000
101111100101
110000001110
101100001100
001111011101
010100111000
101110011000
101000111111
101010010110
101001100010
101010100110
101100101111
101100011111
101000111111
001100100001
010001100000
111011110110
111111011011
010111110110
011010111011
000000000111
111001001101
000101010110
000011100101
001111011001
010100100001
101111101111
101000011101
001101010101
010001100000
110111110101
110110011000
101011110011
101000111111
000001001110
000100001000
111000100010
111001011001
000111011101
001101101110
110100001010
101111100101
101110100111
101001010111
110111001111
111101010100
110001101010
101111001101
010010011001
010100100001
001001100011
001100110100
010110010110
010100100001
101111011110
101000101000
000010100100
000111100000
101110110100
101100001100
111001011001
111001110000
000101110110
001010100001
110010010010
101111011001
111100100110
111100111101
000101110110
000100001000
101111101000
110010001111
010110011001
011011010010
110010111011
101000110100
111001111100
111111111110
010101111101
010111101110
111110110001
111100100110
111101110001
111100110001
000110111100
000011100101
010010010110
011010011000
010101111010
010001001001
110000110100
110010001111
001000101101
000011110000
010000101111
010111010111
001001100011
000110110010
111100100011
111100100110
001000000000
000110111101
000111010011
001010001010
111111101111
111111100111
010101111111
010100001010
010010101101
010100001010
111101111110
111111111110
110001111011
101001001011
110111110010
111101001001
111110000001
111111111110
001000100010
000011111100
111001110111
111100100110
001001110111
001101100010
000001000100
111111111110
111111111010
111100100110
010100111001
011011000110
110011011110
101000101000
000011111001
001010100001
111100010000
111001110000
101101101010
101000111111
000100011011
001101101110
111110011000
111001110000
101111010000
101111110000
101110100111
101001001011
000010110100
001010101101
110010100100
101111000010
010010011001
010100101101
111010001110
110110001100
110111000110
110110100011
111010000010
111111111110
001011001101
001001111110
010101010010
010111010111
001001000001
000011001110
010001000001
010111101110
110001111000
101000011101
001111011110
010111111010
111110110001
111100011010
001010011010
001101010111
001001001010
000011111100
101111010111
110010100110
111101111011
111001100101
010000000111
010000111101
001111001111
010001001001
101101010101
101000110100
111001101010
000000001010
001100000000
001101001011
010111111100
011010111011
110101010101
101111011001
101110111001
101001010111
111000110110
000000001010
001001010101
000111001001
111011101110
111100110001
111100011100
111001100101
000100110011
000011100101
001110111000
010000111101
000101110100
000110011010
010011001001
010111101110
110010111100
101011101001
001111011110
010001100000
111001111101
111100110001
110011100010
110010011010
010101100110
010111101110
001010010110
001001110011
001011100101
001101000000
011000110000
011010100100
001011111101
000110100110
000110010000
000011011001
001111001001
010000111101
000101110100
000110011010
010100110000
011010100100
001010111000
000011011001
000101101101
001010001010
111110011010
111100100110
000110011001
000100001000
101110000001
101111011001
111100000011
111101010100
110010011101
110010100110
001010100011
001101111010
110011111000
101111100101
101111001010
101000111111
001101110111
010100100001
000111111100
001001111110
111110101011
111100100110
001010011010
001101001011
010111001001
010111100010
111101101101
111001100101
110001011010
110010011010
010110001000
011011010010
110110011001
110010001111
001011010111
001101101110
111101100110
110110011000
111001110000
000000010101
110001011000
101001001011
111001011001
111111111110
010100011000
010000111101
010001011000
010111100010
110100000000
101111000010
001000101101
001010001010
010101000000
010111010111
001000011110
000011100101
111011110000
111111100111
010110001111
010111111010
110010011001
101011110101
000110100101
001010001010
010010010101
010001010100
101110111011
101111011001
110001010011
101111100101
000111101000
001010010110
000111110101
000111001001
101111111010
101011110101
001111011110
010001010100
000101110011
001001111110
111101100111
111001011001
000101111000
000110111101
000111110110
001001110011
010011101100
010000110010
001111110010
010000111101
111011110110
111111111110
110101011001
110010100110
001010010011
001010001010
010100011101
010111101110
110001010101
101000110100
111000111000
111100110001
010101011100
011010100100
011000010100
010111001011
001010100111
001010001010
110011101000
110010110001
110011111101
110010111101
111101011001
111001100101
010000111001
010100010110
000110000100
000011100101
111010001001
111100110001
111011000110
110110100011
111010010011
111111110011
010100011000
010001001001
000111011010
001101000000
001011000011
000110111101
111010111100
111001100101
111011000110
111100111101
111101100000
111100100110
010100011000
010111100010
001010010110
001001111110
111110011010
111100110001
111101001110
111100111101
111101001110
111100110001
001000110011
001010001010
000111100100
000011100101
000011110110
000011011001
010001110011
011010111011
110110011001
110010100110
110011111101
110011001000
110010010110
101111110000
111010001100
110110011000
010000010111
011011000110
110100110011
101011101001
010000100010
010100101101
111101111110
111111011011
010111000011
010111100010
001011001000
001101010111
110110100101
110010001111
010011101111
010001010100
000011111100
000011011001
000011100101
000011110000
111000010010
110110000001
001111010100
010100010110
000101110011
000011110000
101101100000
101100001100
111001001000
111001111100
111010100011
111100111101
111101100000
111100100110
010011110101
010111111010
110011111111
110010100110
110010000110
101100100011
110111001111
110110111011
101101101001
110010111101
110010111000
101111100101
000111010110
001010100001
111101100110
111100110001
111110100100
111111111110
001011011101
001101101110
110011111001
101011110101
010010111100
011010101111
010111010000
010011110011
010100000011
010111100010
110011001110
101011101001
001111101111
010001010100
000110010110
001001100111
010011001001
010001010100
101101110111
101100001100
110000001110
110010110001
001010010010
001101111010
110011101000
101011110101
010010111100
011010101111
011000110110
011010100100
000001111111
111100001111
010011110110
010100010110
000101110011
000011110000
101111101000
110010100110
111101000111
111010000111
101111110001
110010111101
110100001110
110010100110
010101000011
010111111010
111110001110
111100110001
110001101010
101111110000
101110010110
101001010111
110111100001
111101001001
111110000001
111111111110
001100010001
001101001011
010111111100
011010111011
110110111100
110010001111
001001100000
000111001001
000111010011
001001111110
001010100000
001101100010
110010100100
101000111111
110101101001
110110111011
101010111111
101000111111
000011010111
001010100001
111100110011
111001011001
001000000000
001101010111
001001111110
000011011001
001111011011
010000110010
010011010000
011010011000
001101000001
001001111110
111111101111
111111110011
001010101010
001010100001
110010110101
101111000010
010100110011
011010111011
001100101111
001001100111
010101000001
010011111110
010101011001
011010011000
001101110100
001101010111
110100001011
101100000001
000110110101
001101101110
000001010101
111111100111
010110110010
010111100010
001001000000
000110111101
110000111110
101111001101
001001001111
001101100010
001100000110
001101100010
110100011011
101111100101
110000011110
101111111100
110001000000
110011001000
110010000100
101111111100
101111001001
101100100011
111001001000
111001100101
010011000010
011010101111
001100011110
001001111110
111101100111
111001011001
000101111000
000110111101
000100111001
000011111100
101101001110
101100001100
111010011101
111100111101
001000100010
001010001010
001001101101
001001111110
001001011100
001010010110
110011010111
110010110001
110010100111
101111111100
110000001101
101111110000
111010101101
111001111100
111011000110
111100100110
010101101101
011010100100
010110001100
010000110010
000101000001
000011001110
001111011011
010000111101
000011111100
000011110000
110000001011
110010001111
010100100010
010100101101
111010001110
110110001100
111000111101
111101001001
101111100001
101000111111
000011010111
001010100001
111011101110
110110001100
000011001100
000111010100
110000101101
101111000010
010011101111
010111101110
001010110111
001101010111
110100001011
101100000001
000011111001
000011111100
000101001011
001001111110
001000101001
000110111101
111101000100
111111111110
111110100100
111001100101
001000000000
001101001011
010100101111
010001010100
101110101011
101011101001
010001111000
010111101110
001010110111
001101010111
110010110101
101000111111
111000110110
000000100001
110010101110
101100000001
010010101011
011010101111
010110111110
010011111110
000110100111
000011100101
111010001001
111100110001
111110100100
111111111110
001010101010
001010010110
111100010001
110110000001
001111110101
010111111010
110010101011
101011101001
010001010101
011000000101
110010111011
101111001101
111011110011
111001110000
000100100010
000011100101
010001110011
011010101111
