000000000000000000
000000000000000000
000000000000000000
000000000000000000
000000000000000000
000000000000000000
000000000000000000
000000000000000000
000000000000000000
000000000000000000
111111111111110100
000000000000100010
111111101101101111
000000010001010011
111111111001110011
111111110101010000
000000000001111001
000000010100101100
111111110111111100
111111110010101110
111111111000100011
111111101001000011
000000001011010011
000000010010010110
000000000001111100
000000010001101111
000000001010000010
000000000100100011
000000010001100011
111111101111100010
111111101101011100
111111111011000001
111111111001000111
111111110111011100
000000000011001000
111111110101000100
000000000010011011
111111110001110101
111111101011100011
000000001011001100
000000001001101111
000000010000101111
111111101110000111
000000001000000111
111111110101011100
000000000100101011
111111111111001010
000000000011010001
111111111001110110
111111111000000101
000000000100101001
111111111101001100
000000010101101000
000000001000010100
111111101011011110
000000000111001011
000000001011100101
111111101111000001
111111111100101111
000000000101111010
111111110101111101
000000001000001100
111111101011111110
000000000100000011
111111110010111101
111111101101101000
111111101111111111
000000010000001101
000000000011110001
111111110000100000
111111111101000100
000000000100001111
111111111000101111
000000000100000110
000000010001110101
000000000011101101
111111111010001101
111111101111100100
111111101101011101
111111101110000111
000000000101110011
000000001111001001
111111111001101001
000000000100001010
111111111010011001
000000010011001101
111111101110011011
000000000110101100
111111111001110011
111111101110000111
111111111011010100
000000000011111101
111111111010101100
000000010001000010
000000000110011101
111111111001110010
000000001111101010
111111110000100111
000000001110100111
111111111010101000
000000001111100000
000000001111010011
000000000110011010
111111111001100101
000000000011100011
000000000110101111
000000001110010110
000000001110111100
000000000101001001
000000001101111011
000000010010000110
111111101111011011
111111101111111111
000000000100010001
000000001111011010
000000000110101001
000000001110000000
000000010000100111
000000010000011101
000000001110010100
000000010000100010
000000000101011001
111111110000001100
111111111001000000
000000001110111011
111111111011010000
111111111000100011
000000000110100011
111111101111011110
000000000101100000
000000001110111101
000000000101011010
000000000100100111
000000000100100010
111111111011000101
111111111010000011
111111111000111000
000000010001001100
111111101110110100
111111101110110110
000000010000000111
111111101110110001
111111111011001000
111111111010100010
111111111001000011
000000010000110111
111111101110111111
000000010001001111
111111101110001111
000000001111111001
111111111010110011
000000000101000010
111111111001101111
000000000100111111
111111111011001100
111111101111000001
000000000100101100
000000000101111111
111111101110110010
000000001110111110
111111111011011110
111111101111000011
000000001111111101
111111111010011001
111111110000010111
111111101111101001
111111111010101000
111111110000000111
000000001111000101
111111111010011101
000000000100100111
000000001111100110
111111101111101010
000000000101011101
111111111001111001
000000001111100001
111111111011001011
111111111001110001
000000000101001111
000000001110100110
000000001111101110
111111101111101110
111111111010101100
111111111001111010
000000001111001110
111111111010001001
000000001110111100
111111111010100110
111111111010111000
111111101110110010
000000010000011110
111111101111011110
000000000100100001
000000001111010100
000000001111010010
000000001111011100
111111101111110110
111111110000000000
111111110000101010
111111111001110001
000000001111111111
111111101111100011
000000000101010011
111111111010001111
000000000100100001
000000001110111010
000000001111011111
000000000100100010
111111111010101101
000000000100000110
000000001111100000
111111111011000101
111111101111011011
111111111010100101
111111111010101111
111111101111111100
111111101111111000
000000000100101111
000000001110110111
000000001111001100
000000000101000101
111111101111010001
000000001111011101
111111111010100001
111111111001110001
000000001111111010
111111111001111110
111111111011001011
111111110000001000
111111110000110011
111111111010101000
000000001110111011
000000000100111001
111111111010100010
111111111010101101
111111110000001110
111111111010110001
000000000101101100
111111101111101101
111111110001000010
111111110000011111
111111101111100001
000000010000010101
111111101111001001
000000010000011100
111111101111001100
000000001111101110
111111111010001100
111111111010001111
111111111010101110
111111111001101110
000000001111100110
111111101111011001
111111111010101011
000000000101000001
111111111001110011
000000001111100111
111111111010001111
111111111010110100
111111111010010110
000000000101001111
000000000011111110
000000001111011100
111111111001110010
000000000100011011
000000000100111000
111111111001111000
000000001110100011
000000001111000000
111111101111111010
111111110000010110
111111111010111010
111111111010010001
000000001111011000
111111111010011101
111111110000001110
111111111010011110
111111111010101101
111111110000100010
111111110000011000
000000000101010001
000000000100010001
000000001111011101
111111111001010101
000000010000010000
111111101110110101
000000010000001100
111111101111000110
000000000100111110
000000000100110010
111111111010100111
111111111010011101
111111111010100000
111111111010011101
111111111010011110
111111111010100111
111111111010101010
111111111010001110
000000001111000101
000000001111001001
111111101111111101
111111110000010111
111111110000100111
111111111010100010
000000001111110010
111111101111111101
000000000100100001
000000000101011010
111111101111100101
111111111010100101
111111110000011100
111111101111010101
000000001111011110
000000001110110011
000000001111000001
000000001111000010
000000000100001001
000000001111010101
000000000100100100
000000000101001001
111111111010101101
111111111010001110
111111111010110111
111111101111111110
000000000100110001
000000010000000010
111111101111110111
111111111010011111
111111111010011101
111111111010110001
111111101111111010
111111101111111111
000000000101010101
111111101111011011
000000000101000100
111111111010100110
000000000100010101
000000001111111100
111111111001101010
000000001111101001
000000000101001000
111111101111110110
111111101111111110
000000000101001000
111111101111110010
111111110001000000
111111111010001001
000000000100011100
000000010000001001
111111101111001011
000000000101011110
111111110000001110
111111101111100011
111111111010100101
111111111010101010
111111111010011001
000000001111111001
111111111010100011
111111110000010000
111111101111110010
111111110000011001
111111101111101000
000000000101001110
111111111010010101
111111101111100111
000000001111100101
000000001111101001
000000001111110111
111111111010001010
000000000101001100
111111101111010000
000000001111000101
000000001111011010
111111101110101100
111111111010010110
111111101111010011
111111111010101111
111111111010010100
111111101111101101
111111111001110001
000000000100101110
111111101111010110
111111101111110100
000000000101001100
111111110000000010
111111101111110111
111111111010001000
000000000101000100
111111111010011011
111111110000000101
111111110000001100
111111111010111000
111111111011010000
111111110000100101
111111111011001101
000000000101011011
000000000101001101
111111101111100100
111111111010010101
000000000100110100
000000000100011001
000000001111011001
000000000100111110
111111111010100010
111111111010010111
111111111001111101
111111111010100010
111111101111111011
111111111011001100
111111111010101010
000000000101011010
111111111010011101
111111101111000000
000000001111001011
000000001110111110
000000001110110100
000000001111111110
111111101111010001
000000000100110010
000000001111101101
111111111010010101
000000001111111011
111111111010001101
000000001111011010
000000000101001010
111111111010000101
111111111010011001
111111101111111000
000000000100110000
000000001111100111
111111111001111110
000000000101011000
111111101111011000
000000000101011101
111111101111000001
000000010000001100
000000000100011101
111111111010011100
111111101111110001
000000010000000001
111111101111010101
000000000101011000
111111101111010100
000000000101001000
000000001111011100
111111111010010101
