000000000000000000
000000000000000000
000000000000000000
000000000000000000
000000000000000000
000000000000000000
000000000000000000
000000000000000000
000000000000000000
000000000001110111
000000000010011000
000000000000011111
000000001100101100
111111111010000101
111111111001101110
111111110001111111
111111111001110011
000000000011111011
111111101111000110
111111110000010010
111111111011100100
111111110011111000
111111101100100100
111111110101001011
111111101100111101
000000000010101001
000000000101010110
111111111011100001
111111110110010100
000000001001000111
000000001110000001
000000001010000111
111111111100111001
111111111101110011
111111101110100000
111111101111111100
111111111001111000
000000010101110111
111111110110101111
111111101010111011
000000010010111111
111111101011101000
000000010100110001
111111111110001110
111111101110010110
000000000110101101
000000010101110101
111111101110111110
000000000111011110
111111110010101001
000000000101100001
000000010100101011
000000010010110010
111111111000100101
111111111110001001
000000010100100011
000000010001100111
000000001001011010
000000010111001110
111111101111001001
111111111011101111
000000000111100100
111111110010011101
000000000110110000
000000010101001101
111111111110011011
000000010110110110
111111110000001110
111111111000011100
000000010100101111
000000010101101000
111111101111010101
111111111100001010
111111111011111001
000000000101101001
111111101111100100
000000000111010111
111111111110010100
111111110010001111
111111111100111000
000000000111110110
111111101110100100
111111111101011011
111111101111111011
000000010010010101
000000010000101111
000000000111101100
000000010010101101
111111110000111010
111111111100101000
000000001000010111
111111101111011011
000000010010010101
000000010001001000
000000010001000011
000000001001010011
111111111001001100
000000010100010101
111111101111110111
000000000111000110
111111111100001101
111111111010101010
000000000111001111
111111110011000000
111111101111110000
000000010001111001
111111110001100101
111111110000100011
111111110010010010
111111110000000011
000000010000111000
111111111100100100
000000010010101110
111111111011111111
000000000100101101
000000010010110101
111111110000010011
000000010000011111
111111111100101010
111111110000000011
000000000110011101
111111111011011100
000000000111110100
111111110010100011
111111101111110001
111111111100110010
111111110001100011
000000010000110110
000000000111001010
000000010010100101
111111101111110110
000000000110111110
111111110001101011
111111111011001010
000000000111100111
111111110001011011
111111111100000011
000000000110110001
111111110000111000
000000010011111100
111111110000011101
111111111011111000
000000010010010011
111111111011111010
111111111100101101
000000000101011000
000000010010010011
000000010001001101
111111110010010101
000000000101100011
000000010001110011
000000000110111111
111111111100010001
000000000110010000
000000000111000101
111111111100010100
000000010000100000
000000010001000100
111111111101100100
111111110000110110
111111111100001100
111111111100101110
000000000110001010
111111111100000010
000000000110111101
111111111100101001
111111111010110001
000000010010011010
111111110000011111
000000000110111100
111111111101000001
111111110000101011
000000000111101100
111111111011111011
111111110010011100
111111110000111100
000000000111110011
111111110001000101
000000010001011100
111111111100001111
111111111100001101
111111111100101100
000000000101110110
000000010001100001
000000000101011010
000000010010100001
111111110000100100
000000010001110111
111111111011101010
000000000110111110
000000000110011110
111111110001110110
111111111100001010
000000010000100101
000000010001110100
111111110001001010
111111111100010101
000000000110010010
000000010001010111
111111110010001100
111111110001010011
111111111100011100
000000000110101100
111111111100001101
111111111100010100
000000000110001010
000000010001001100
000000000101110100
000000010001110111
111111110001001001
000000010001000110
111111111100100010
111111110001001011
000000010001000101
000000000110011101
000000000110001010
000000010001001101
000000000110100001
000000000110000110
000000010001010000
000000000101101101
000000010001100011
000000000101111101
000000000110101001
111111111100001001
000000000110110101
111111110001101010
111111111101000000
111111110001100001
000000000111001010
111111110010001111
111111110001100111
000000010001000110
000000000110100000
111111111011111100
000000000110010010
000000010001000010
111111111100000111
111111110001000111
000000010001110010
111111110000100110
000000000111011101
111111111011010111
111111111101000111
111111110001011100
111111111100100110
000000010000011100
000000010001001011
111111110001010110
000000000110001100
000000010000110110
000000000110011100
111111111011100011
000000010001011001
111111110001001100
000000000110101010
000000010001001100
111111110010000001
111111110001101111
000000000110011010
000000000110111010
111111110001101001
000000010001001101
000000000110101100
111111111100000010
000000000110100010
000000000110010111
000000010000110011
000000010000110001
111111111100010011
111111110001100010
000000000101110110
000000010001010101
111111110001100000
111111111100001010
000000010000101110
000000010000010100
000000000110011000
111111110001100101
111111110010000101
111111111011110110
000000010001010101
000000000110010000
111111111100100110
111111111100000101
111111111100010010
000000010000110100
000000000110001100
000000000110101010
111111111011111110
111111111100011101
111111111011101111
000000010000111110
000000000110010101
111111111011111111
111111111100001111
111111111011111000
000000000110101000
000000000110110110
000000000110000101
000000010001011110
111111110001010100
111111110001101101
111111110010010001
111111111011011111
000000010001111111
111111110000111010
000000010001011110
111111111011100110
000000010000110100
000000000110011111
111111110001000101
000000010001010110
000000000110101111
000000000111011111
111111111100000110
000000010001100111
000000000111000011
111111110001111010
111111111100011001
111111111100010111
111111111011101100
000000010001010001
111111110001100000
111111110010000000
111111111100001111
111111110010000101
111111110001101000
000000000110111100
111111111100001010
111111111011110000
000000000111011011
111111110000110011
000000010001100111
000000010000101100
000000010001101000
111111110001001100
000000010001011100
000000000110011110
000000010001110001
111111110001100111
111111110001000100
000000000111001001
111111110000111010
000000010001001010
000000010010010001
111111111011100011
000000010001100000
000000000110011101
111111110001101011
111111111100010110
111111110001100111
111111110001011010
000000010001011111
111111111011110110
111111110010000011
111111110001101100
111111111100011000
111111111100000011
000000000110000110
000000010001000010
111111110000111100
000000000110110000
000000000110000101
000000000111000000
111111110001010101
111111111101001010
111111110001100100
000000000111011111
111111111011100111
000000000110110001
000000000110101010
000000010001001011
000000010001001110
000000000110000011
111111111011010111
000000000110110111
111111110000100110
000000010001001110
000000000110010000
000000010001000010
000000010000101011
000000000110110000
111111110000110101
000000000110110101
111111111011010100
000000010001000110
000000000110101100
111111110001001110
000000000110011011
000000000110010110
111111110001010100
111111110001101110
111111110001100100
111111110001101011
111111110010000101
111111111100001001
000000010001000010
000000000110001111
111111111011111101
000000000110111011
000000000111001100
111111110001101101
111111111100001000
000000000110100000
000000000110011110
000000000110100110
111111110001001011
111111110001010000
111111110001010101
111111111100010101
111111111011101001
000000010001010010
000000010001100011
000000000110111110
000000010010000000
000000000111001010
111111110001000100
000000010001110111
111111111100000010
111111111100110110
111111110001001101
000000000111010100
111111111011111101
000000000111001000
111111110001010000
000000010001010011
000000000110101101
111111110001100011
000000000110101100
000000000110101111
000000000110100011
111111111100010100
111111111011111100
000000000110101011
000000010001101101
111111110000111111
000000010001010101
000000000111000000
111111110001000101
111111111100110000
111111110001001101
000000010001011111
000000010001001111
000000000110011011
111111111011111110
