000001110111
000010110101
000010011000
111111010010
000000011111
000111100001
001100101100
000100101000
111010000101
110111000111
111001101110
111000101101
110001111111
101111001101
111001110011
000011011010
000011111011
111001010110
101111000110
101000101000
110000010010
111000001111
111011100010
111001100010
110011110010
101011000001
101100101000
110011001111
110101001110
101111101111
101101000111
110011001101
000010110100
001000111001
000101010010
111111111011
111011100010
110110000110
110110010110
111111011010
001001001000
001101111010
001110010111
001100010011
001010011010
000010010111
111100111110
111100110010
111101111001
111000010111
101110011000
101100111110
101111101010
101111010001
111001100110
001010101011
010110010110
001110100011
110111010011
100001011111
101010000010
001000001111
010010111011
111110100010
101011010111
110101011110
010100110001
011010000110
111110111001
101011101001
101101111011
110111010011
000110011100
011000000100
010110100111
111101101111
101110110001
111000011110
000111010111
000100100011
110010101110
110011111001
000101000001
010000101101
010101110111
010111110010
010011011011
000110011101
111000010011
110110101111
111110101101
001101011010
010101101000
011001001110
010010101001
000111100010
001010111101
010111100101
011001000110
000111010101
101110101010
101001101011
111011001000
001100111110
001000001101
111010110100
110010100010
110101110000
000111001101
011000110001
010111111101
000110011100
000000011101
001101100111
011001111110
001110011011
101111100111
100101110110
110101110011
001000110111
010111111001
011111111111
011001011111
000000000001
101101110100
110000011100
111011010011
111110000101
111011110010
000010010110
000100000101
110101010011
101100010110
110100011100
000111101010
001100100000
000000101110
110101010111
110011000100
110100100000
111111010001
001011100110
001010000000
110110010001
101010000110
110001101101
111011011101
110110101001
101110010010
111011000010
010100001011
011110011101
010010110000
000011000001
001001001001
010111001011
010111001101
000100111110
101111010001
101100111001
111110010111
010010001110
001100101010
111001000001
101101001110
111011101000
010100100100
011100100011
010011100000
001100101010
010000011111
010100011111
001011111011
111010100010
110110101000
001011010010
010111010010
000111001010
101110011101
101111111110
000101001001
001100000101
111011100010
101101001011
110100011001
000000100001
000101100001
000000110101
110001001001
100010010101
101100000000
000100011011
010010100100
000100111100
101100111100
100000000000
100111110110
110001111100
101101001010
100100111101
101010100010
111111101010
001110010100
000100111011
111101010101
001001101001
011001110100
010011100010
111101010110
110011101101
000001101011
010111000011
010100000001
111011000101
101011100010
110110100010
001101110000
010001010010
111001000010
100101001011
101000110101
111001011100
000011001000
111101011011
111000001100
111110011111
001010010011
000101000110
110011111000
100110011101
101001110100
110111111110
111011000000
110011011010
110001101100
000000010010
010001110100
001111001101
001011001111
010011111100
010110110011
111110011110
101010100001
110100001011
000100110100
000010001001
101111010011
100111111101
110111100010
000111111101
001001010110
111101100011
110000110101
101101100001
111100011111
001100010011
000101111010
110000001001
101110101101
000111000100
011011100111
001110100000
101101101110
100010110011
111010011111
010100100011
011001011011
001101000111
111100111000
111000011100
111110000010
000011001101
000011110110
001001000110
010110110100
011111100111
010100010011
111110010011
110001000101
110111011011
000101101101
010001011011
010011111001
010010011011
001001001101
111101100111
111011110000
000001100100
000111101011
001101111101
001000100101
000001100010
000000001011
000111100100
010100110010
011000100110
010010010010
001001110101
000000111010
110100100110
101101010001
110001111110
111000100101
111110010100
000001100000
000101001101
000101111101
111100101110
111010000000
000010010100
001100100100
001101001100
000001110110
110101010101
111011110000
010010000010
011010001100
000101011001
101101111010
101110011111
000101000001
001111100100
111110111001
101001100000
101000001101
110110110000
001001101000
001011000010
111101001101
110010000011
101111001101
101000110110
101011010100
111101100100
000110111000
111010001011
110001010011
111101101010
010010100101
001110100011
111001110011
110000001011
110101000001
111011100010
111101110101
000011000110
001010010100
010100100011
010110110111
001010100110
000100100110
010000110001
010101100010
000001000000
101101001010
111010101100
010010011111
010010101010
111110101111
111001111111
001011011011
010011011010
000110110110
111000111110
110000011110
110011100110
111100011111
000100011110
001110111001
010111101101
010010000110
111011111110
101010010110
101101010011
111100001100
000110100011
001101000001
010110001110
011001001010
001001101100
110100010000
101000010110
101001111101
110010011101
111101001000
000111011101
001001010110
000001110100
111011010101
111010001111
111011100010
111101111101
000011011101
001110000100
010000010011
000101111110
000100111011
010011010001
010110010001
000001101000
101111011111
111001001110
001110110101
010011101100
111101000110
101011101001
110010010010
000111011101
010110111001
011000001101
001010101001
000010101011
001011000001
010111000000
011010100000
010110111000
001001110000
000001011011
000011101001
001110110101
010000111010
001010001111
000100110100
001101110101
011000101101
010100101101
000111000101
000100001100
000110001011
000010101011
111111010011
000011110000
000100100101
111000010100
101110101011
110101100100
111101100000
110101011001
110001110010
111101110111
001100010010
001000111011
110011110001
100011010111
101010010010
111110001010
010000110101
010101101111
001011000110
111110100110
111100100001
111111110000
001010111000
010111010010
011000111101
001111111000
111011110111
101000101001
110000010100
001101011111
011010101000
001001001110
110011101111
111000010101
001101000110
001010010101
111001011111
110110010111
111101101111
111011001111
101101110011
101100110010
111011101111
001001011100
010011010000
011001001010
010100010001
000010010011
110010011101
110100111110
000111001101
010111111010
011000010101
010010100111
000101101001
110101110010
111011110100
010011011010
011001101010
000111001000
101110000011
101101000101
000111010101
011001101110
010011010100
000000100101
101110111101
100111111100
101111111101
111100110000
001000101101
010010100110
001000101110
110010111110
101101010001
111010111100
001111001000
010101101010
001001010001
111101001100
111011100000
000000111010
000100111100
001001110010
001001100111
001011101010
010010011000
010010111101
001111001110
001001100010
111110110001
110111000111
110100100000
111001110010
001000001111
011001100111
011000010011
000100001111
101101011101
101000001100
111000100101
001110101111
011001101011
011001110100
010111110111
010000101111
001001111101
111110100111
110011010100
110011011111
110100010101
110110010100
111010101111
000110110001
010010111011
001111101100
000100110001
111010111101
111011110101
111110100001
111000011001
110101111001
111101000100
001011111001
010010110011
001101011101
001001011110
001010010010
001010010110
000001101101
111001000010
111100000010
111100110010
111010100111
111100111001
001000101011
010101100111
010101010110
001010111110
111111111010
111101001100
111110100001
111101011001
111100110010
111100100100
000011000110
001001111000
001100011001
000110101100
111100010011
000001010101
001111011010
010111011011
001001110111
110101100011
101101111000
110010001000
111000100001
110011010001
101100011100
110101110100
001101010100
010111010110
000010110010
110001011010
111100001100
010000010010
001110100010
000000100000
000011001110
010110010100
011101111010
001100110101
111000101111
110100011110
000011100010
010001111101
010000001000
000011101001
000010110000
000100010001
111011010100
110101111110
000000011001
010001011011
010101100011
000101110111
110010010110
101011110101
110001000110
111001011000
000000111011
111100100001
110100100010
111100011001
001011110111
010101011100
001001101010
110100100000
101000001111
101111001110
110101111101
110110001001
110101101000
110001101001
101011010111
110001010011
111101100000
001000100110
000111110111
111110001001
110100100001
111101110000
001110111101
001111001011
111101010011
101110100100
111011111111
010110010111
011100110000
010110011010
011000010011
010101011110
000000111011
110000001111
111100011100
001110011101
001111011100
001000111110
001101100001
010010110111
000100011000
101100100110
100010100001
110000001001
001010011010
001110111001
111110100001
101110111100
110110111001
010100110110
011111111111
011100101010
000101111010
111101101001
000100111101
010100000011
010110101000
000101000010
110010100101
110001010001
110111101001
111100000110
111100000001
110001011001
101001100011
110011011100
000110001101
010110010101
001111101000
111101111011
110001010100
110001010110
101110010001
101011101001
110010010000
111010000011
111111001001
000000011001
111110111000
001011100101
011011000010
011010000111
000110011101
110101011001
111000101010
000111100001
001010111101
000111110100
001100001011
001101110001
111100101010
101101011100
110000000001
110101110110
110000001101
101001111010
110110000110
000111011101
000101110110
111010110010
111110000000
001010001010
001110011110
001000010011
000110010011
001101010110
010100111100
011000001110
010101111011
001100000101
111111001010
111110011000
001101000111
001100011110
111011010110
101111110111
000001001101
010111110101
011010101110
001101001010
001000101010
010010100101
010110110110
010111101001
011001110001
010000001001
111010110001
101110100110
111100010100
001001111111
001001100110
000001110111
000101101111
010110010100
011010010110
001001011010
110100101101
101111001010
111000010100
001010111100
010101001101
001110011101
111101010010
110010000011
101011111101
101111010100
110010010000
110010111010
110010110111
110001111001
101111111100
101110001111
101101101111
111000000010
000111110110
010111001111
011000010011
001100101110
111101110100
111001110010
111101010100
000110010010
001101000001
000101100101
110110011100
101100001000
101111001101
111011011101
000111000110
001001111000
000110111111
001001100011
001010110001
001001110001
111110011000
110011101001
110000011111
110001001111
110000100100
110000010100
110111100001
111011000110
111000010000
111010100000
000111010101
011000110010
011110110011
010100001100
000101011110
000010001101
001000000010
010000111010
010100010010
000011111011
110000001010
101111111111
000101111010
010101111010
001011101010
110110110111
110100111000
111011111001
110100010110
101011101110
110111001010
000110101000
000011000110
111001111011
111110101111
000100010111
111001100101
110000100110
111011100001
010011111100
011110001000
001110000101
111000011111
110000000110
110110001011
000010000001
001001011010
001001001000
000111101100
000111010111
000011100111
111111000110
111101110011
111011011011
111100101101
001001110111
011011101101
010101011010
111001110001
101011010111
111000001000
010011011111
011110111001
001111011111
110110010101
101011101110
110101000100
111101010101
111001101000
110000000000
111010110110
010100111000
011111110101
011000000000
001010000101
000011100101
111111000110
111011010100
111011001011
111111010011
001011100011
001100000000
111100111000
110111001100
001001000011
010100110100
000001001110
101111011110
111100101010
010011010011
001101111111
110010111111
101101001110
111010010000
000000011000
000011001010
