000000000000
111101110001
111111110100
000101111011
000000100010
110000101011
101101101111
111111100100
010001010011
001101110001
111001110011
110000100100
110101010000
111001101001
000001111001
001111111001
010100101100
001000010100
110111111100
101110001101
110010101110
111101101101
111000100001
101101100001
101001000110
110110001010
001011011110
011000100011
010010011010
000101000101
000001111110
001001001111
010001100110
010100111010
001010000010
111111101101
000100100110
010000001101
010001100001
000011100000
101111010011
100110101110
101101100011
110111101010
111011001000
111100100001
111001000010
110011001101
110111010000
111111111110
000010111010
111000101111
110100100111
111001111011
000010001110
000001010100
110010000100
100110010011
101010110001
111101101011
001010111110
001010001011
001010010010
010000101011
010001000100
111101000101
101110001111
111010010101
001000000010
000010000100
110101001011
111001100111
000100100110
000011110100
111111101000
000000010100
000010111110
000001000011
111010000000
110100110100
110111001011
000000101101
000100111111
000000100100
111101111011
000110000101
010110111101
011011011001
001001000101
110001111100
101010011011
110011110001
001000000000
010101001111
001101100010
111011001011
101110101100
101111001101
111100111111
001001101000
000101101110
110110111001
110100111110
000001101101
001000110111
111000001001
101010001100
110001100101
000011010111
000010101000
110011111101
101101001111
101011110001
101001000111
101111001001
111111111101
010001001110
010000010101
000011100010
110100100010
110000000001
110011101001
111110100111
001000111111
000100011101
111100001000
110110111000
111000101100
000011110110
001110110101
010100010011
001101111001
000011101011
111010110100
111000100110
110100110010
101110000000
101011111010
101000011111
100111010100
101001000110
110011001011
000110011011
010011010111
010000010101
111111011100
110111011100
111101100110
000010011001
111010101010
111010011010
001110110111
011001011011
000101011110
101111000101
110011011011
001001010011
001101011111
111010000111
101001101101
101000010001
101111010100
111011011000
000110010010
000011011010
111001000011
111010011001
001000000001
010111111111
011010111110
001100001110
111010100001
111100010000
001110010100
010001101100
111111100100
110001100101
000000000110
010000010101
001001111100
111001100010
111111001110
010010010101
010111011111
010000110010
001101010100
001000001110
111111100000
111000000001
111011011110
111111000111
000110000001
001001010001
001101110101
010001011101
010011000100
001101011100
000111111100
000011001011
000010010001
001011111100
011000000000
010110101111
000110111011
101110101110
100110011101
101110011000
111110001110
000111001011
010000001000
010010000111
001110111000
001100101001
001101011011
001111110110
010100001011
010100100101
011000010110
010101111111
010000011010
001101011101
001111101010
010011010110
010011001111
000110111101
111001111011
101101111110
101100100001
110110001001
000110100011
001100111011
000110110000
111001100000
101101000011
110011110010
000100011011
001000101010
111111000100
110000010101
110011110010
001000101100
010110101111
010001100100
001000101110
000101111100
000011111110
000100011111
000100011011
000010010100
000000001110
111011111101
111011011100
110111000101
101110111000
110100011110
001000101110
010101010011
001000010100
101010110011
100000000000
101100100011
001011011000
010010111010
111110100010
101001001010
101001100110
111100010011
000101110011
111011100101
101110101111
110101110110
001100100011
010100011010
111110010010
110000100011
000100111001
011000011100
000110101100
101100000111
110101100000
001111111010
010000011100
000000000101
111111011111
001000100101
000011000010
111000111101
111011000100
000101111110
001001100100
111101110101
101110101001
101011010101
110100010110
000111000110
010110101100
001101101100
110100101101
101100111010
111010000000
001101010000
010000001010
111001110100
100011111100
101001101111
111111110000
010010111010
001110111110
111010011100
101100000000
101100110111
101100000000
101100111001
110110000011
110110101000
101101101111
110000011010
000010001001
010000001110
001001001100
111001010011
110100111100
000101110001
010100110101
001110111110
111001111111
101100111010
111000100000
000101110011
000000000100
110101111000
111110001111
001100010011
001010011100
111100000000
110100010100
110101100001
111110000100
000111001011
001110010001
010100000101
010111000010
010001011110
111101111010
101100110001
101111111000
111001001100
111100010000
111101111110
001101001010
010100110000
001000000001
111110111001
000101011011
001111111010
001000101110
111100010111
111101101010
111011100111
101100001001
101011000111
000101100010
010101101110
000110101010
101011110110
101010000101
000000110011
010011110011
010110010100
010011110110
011000100101
011001100001
010001101110
111101001101
101010110110
101000001001
101101000001
110100001010
110001110000
101110000001
110110100101
000111101010
001101100010
111010101010
101011001000
110011000011
000110000010
001001001010
111010011110
111000010101
000011010000
001101011010
010011010100
010110101000
010111111010
010011011110
001001000010
000010110000
111110110111
111110101101
000011001100
001101000001
010100001011
001111010000
111101111010
101010100101
100110100111
101110111100
111011001010
000001100011
111101111100
110100111110
101101101000
101011110101
110000110000
111100111100
001000101111
001111010010
010011101100
010011100100
010111100111
010111111100
001010011100
110101001000
110000010010
000100000101
010101001101
010011010101
111101011001
101101111000
110111000011
001010001001
010100000010
001001010110
110111110100
110000010110
110110010110
110100111001
101001100010
101000000100
101011111111
110000100100
110111010001
000000100011
001011100100
001101010010
001001010001
111111101111
111101010010
111100100111
111000100011
110011010001
101101001110
101110101101
111100110010
001000010011
001000000111
110110011100
100111101000
100100101101
101111001111
110101111100
101100001001
100000000000
101001100110
000111010100
010011010110
111011101001
101011010110
111011111011
001110110101
111111000010
101010101001
110111100110
010011110000
010101101111
000001101111
110100111111
110110100100
111010111001
111000101010
110101001001
111101100101
001110111011
010110010101
000100110000
101100010001
101000100010
111011111010
001100101111
000110000111
110110001101
110110100000
001000010010
011000000110
001111010000
111001100100
101111101010
110010111000
110111011101
111001010101
000011010111
001001011010
000011110101
000001110110
001100000000
010100011011
001101011101
111110111101
111010100111
000011101001
001110011100
001000011011
111110110100
111011100010
000001111111
010100110000
011111111111
011001101110
000100001110
101111001001
100100001101
100111101100
110101000001
111000101010
110111111100
111110010000
000111111011
010000101101
000111111110
110111001000
101100001000
101111111001
110110101101
111101111000
000000111010
111100101011
110100100100
101010101011
100011000000
100111010001
110110011100
000010110100
000100101011
001000111101
010011111010
010110011110
000011011010
111000011110
001000011000
010010000100
111101101010
101011100001
111101100000
010101000100
001100001011
110001101001
101111101011
000101100010
010000000111
000111000111
111011111111
111000010111
110110000100
110111010110
111010000001
111100011000
111101101000
111100111101
111001101011
111000010001
110111100000
111000001011
111010011011
111000010101
110101111001
111001101110
000011000111
010011111000
011011010010
010100100110
000001001100
110010010101
101100100000
101011000100
101100011101
100111101011
100110010110
110100000011
001000000001
001111010101
000000101011
110010001100
110001000010
000001101110
001110001010
001001001011
111000101010
101110010010
101110111100
111010001100
000000110010
110011001010
100100111101
100111011110
111100100111
010011101011
011101000111
010111011100
010000010111
010100001001
011000100001
010010111011
001011011000
001000111000
010010011001
010111001000
001111110100
000011011001
000000111110
000011011001
000001001010
111001110011
110011111111
110110000011
111110011010
111101100111
110101100101
101100000001
101011010110
111101110100
010001110110
010010000111
111100110111
101010100010
100111000010
110010010011
111001101011
111001101111
111001110010
111001101000
110011001111
101010011000
100100011011
101101101011
111110101101
000011001101
110101010001
101110010000
111010000111
001010101001
001011101011
000000010101
111001111001
000010011111
010001111100
010101011101
001000110001
111101001110
000010000011
010101001110
011001101011
000111010100
110011001101
100110110001
100010011101
101101001000
111101010011
000011001000
111001111100
101110001101
101100000111
110011001100
111000000100
111000100100
111010000010
000111010010
011000001100
011000001100
111100001000
101001011001
110000101001
000010011110
000001000111
101100001011
100000000000
100101001011
110001011101
111011010011
000001010001
111011011011
101111101000
110011101110
000001011011
001101100010
000111010011
111000101000
101011101111
101011001000
101011010010
101100000101
110010011011
110010011001
101010010110
101001111101
110011000010
000011111001
001010010101
111101011011
101101000001
101101111100
111110111100
001110101010
010010101000
010000111101
010001101110
001111100111
000000011000
111001010111
000101001001
000110101001
111010000110
101101101010
110111101010
010010110010
011111111111
011000001110
111111100101
110010100000
110101000111
111100001001
110111111100
101100001000
101100101110
111010010011
111110011101
110111000011
101110001101
101110011001
110001000001
111100000101
000101101010
001001001111
000001110001
110011001110
100110110011
101110111100
111100111111
000010100000
111010011001
101110000011
100111010110
101011110011
110000111011
111010101001
000101000110
001010011011
000001000011
110110010011
101101010101
101011110001
101100101100
101111011101
110001100101
110101101000
110111011100
110100100001
101100110100
101000011001
101010011011
110011110110
111010001100
000001000001
000101011001
000011011100
111000101101
110000011000
110010110101
111100000011
000101110001
000101001010
000010101101
000110000110
001101100100
010101011110
010001001001
000100010101
111001010100
110110010111
111000110001
111010110111
111010010110
111010100100
111101001101
111011101101
110010000001
101010001010
101100110010
110011111000
110100010011
110100101001
111001001100
000011011000
000101100010
111001000101
101100001000
101110100011
000100000011
010111110101
011101110001
010101110011
001101110000
010101101100
011111111111
011000111001
000001000011
101001101111
101101011001
000110011000
011101100110
010101110110
111111001110
110111011011
000100111001
001110101101
000110010110
111010001110
000001000001
010001001001
010100001000
001000101110
111011001010
110110010001
111001110110
111010110011
111001000001
110010000010
110010011010
000000100100
010000111001
010011000110
000100000101
111100000110
000010001110
000111101100
111010100010
101101000100
111000111100
000100001101
111001100000
101101010010
111011011000
010110101110
010111010000
000101001000
111100101000
111010101011
110000110011
110000111010
000100100001
001110100111
111101100111
101011111010
110010101111
000001100100
111101000000
101111000111
110011101110
001010000111
010111010011
010101110101
001001110101
111010010011
101111000011
101010111011
101101110000
111001111111
001100100101
010001101010
000110010000
111101111011
111101111100
000011001111
000011000001
111100000011
111010110010
111001001001
110110010111
000001001001
010000100111
010100010100
