000000000000000000
000000000000000000
000000000000000000
000000000000000000
000000000000000000
000000000000000000
000000000000000000
000000000000000000
000000000000000000
000000000001110111
000000000001110001
000000001101011101
111111110110011000
111111111101001001
111111101111100101
111111111001110000
000000000100001000
111111101111100101
111111101111110000
111111111101010010
111111110010111000
111111101001100111
111111110110111110
111111101100011100
000000000100000100
000000000110111011
111111111001111010
111111110111000111
000000001100011101
000000001011110111
000000001001010111
111111111100011011
111111111100110011
111111101101101000
111111110000001100
111111111010000011
000000011000100100
111111110010000100
111111101011011111
000000010100101101
111111101010111111
000000011000100000
111111111001111111
111111110000000010
000000000110110011
000000010101100101
111111101101100001
000000001001011000
111111101111111010
000000000110111101
000000010100001101
000000010001010101
111111111010101001
111111111101101000
000000010010101000
000000010010010101
000000001001000011
000000010100010001
111111101111000010
111111111100010101
000000000111001011
111111110001100110
000000000110100100
000000010100110010
111111111100101110
000000010100110010
111111101110011110
111111111011001001
000000010100000101
000000010011010011
111111101111101011
111111111100100000
111111111011011011
000000000110100100
111111110000010000
000000000111110101
111111111101001000
111111110001011110
111111111100100101
000000000110111110
111111101111111010
111111111101000001
111111110000001010
000000010010010000
000000010000111011
000000000111100000
000000010001111001
111111110000111111
111111111100011111
000000000111011001
111111101111111101
000000010010001010
000000010000110101
000000010001111000
000000000111010110
111111111010101010
000000010011010011
111111101111110111
000000000111101000
111111111011011100
111111111011100110
000000000111100110
111111110001111100
111111110000100001
000000010010001001
111111110001001010
111111110001011101
111111110001110110
111111110000100000
000000010001101010
111111111100011111
000000010010000000
111111111011010111
000000000101111001
000000010001111000
111111110000011001
000000010001010010
111111111100000001
111111110000100110
000000000110100110
111111111100000111
000000000111101000
111111110001100011
111111110000111100
111111111100100100
111111110001001010
000000010001100001
000000000111000000
000000010001110001
111111110000100010
000000000110110100
111111110001001110
111111111011110010
000000000111010101
111111110001011111
111111111011110110
000000000111000000
111111110001010110
000000010010001010
111111110001010010
111111111011110111
000000010010000000
111111111100010100
111111111011111000
000000000110011000
000000010001101000
000000010001110101
111111110001010111
000000000110010011
000000010001100100
000000000110111101
111111111011111110
000000000110101001
000000000111000100
111111111100000000
000000010000111011
000000010001011110
111111111100011010
111111110001010101
111111111100011001
111111111100001110
000000000110100111
111111111100001010
000000000111001000
111111111100010110
111111111011111000
000000010001100010
111111110001000101
000000000110110011
111111111100010010
111111110001011000
000000000111000010
111111111100011001
111111110001100101
111111110001100000
000000000111001100
111111110001001111
000000010001010110
111111111100000110
111111111100010100
111111111100001010
000000000110011110
000000010001000110
000000000110011111
000000010001100100
111111110001010001
000000010001100101
111111111100001000
000000000110100011
000000000110111111
111111110001010110
111111111011110100
000000010001001011
000000010001011101
111111110001011111
111111111100010010
000000000110101110
000000010001010111
111111110001001100
111111110001101001
111111111100010011
000000000110110110
111111111100000010
111111111011111100
000000000110011111
000000010001010111
000000000110100010
000000010001011100
111111110001000001
000000010001100100
111111111100011000
111111110001001110
000000010001010110
000000000110101001
000000000110100100
000000010001001111
000000000110010110
000000000110010010
000000010001001011
000000000110100010
000000010001001100
000000000110100100
000000000110101000
111111111011111110
000000000110111000
111111110001101000
111111111100100101
111111110001101110
000000000111001001
111111110001101101
111111110001011011
000000010001010001
000000000110101000
111111111100001000
000000000110101011
000000010001010010
111111111100000110
111111110001011001
000000010001110010
111111110001010111
000000000110110011
111111111100001011
111111111100001010
111111110001110100
111111111011111001
000000010001010100
000000010001001001
111111110001010011
000000000110011110
000000010001000010
000000000110101000
111111111011101011
000000010001010100
111111110001010111
000000000110011111
000000010001101001
111111110001101001
111111110001011011
000000000110100110
000000000110110110
111111110001011000
000000010001011101
000000000110110010
111111111011111110
000000000110101101
000000000110011110
000000010001000000
000000010001010101
111111111100001011
111111110001010000
000000000110011011
000000010001010010
111111110001011001
111111111100001000
000000010001001100
000000010000111010
000000000110100101
111111110001100111
111111110001100111
111111111100000000
000000010001001100
000000000110100111
111111111100000110
111111111100010011
111111111100000010
000000010001001111
000000000110010100
000000000110100010
111111111100000110
111111111100010001
111111111011111110
000000010001001001
000000000110011001
111111111011111011
111111111100001000
111111111100000011
000000000110100100
000000000110100010
000000000110100011
000000010001011001
111111110001011010
111111110001101110
111111110001110000
111111111100010000
000000010001011110
111111110001000101
000000010001011101
111111111011101101
000000010001000001
000000000110010111
111111110001000000
000000010001001010
000000000110100001
000000000110110100
111111111100000100
000000010001010011
000000000110110100
111111110001110000
111111111100100001
111111111100011000
111111111011111100
000000010001011000
111111110001101010
111111110001101011
111111111100011111
111111110010001101
111111110001111110
000000000111000000
111111111100010101
111111111100010111
000000000111000111
111111110001010111
000000010001001011
000000010000110100
000000010001001000
111111110001000111
000000010001000100
000000000110011100
000000010001011001
111111110001101100
111111110001011111
000000000110111100
111111110001001111
000000010000111100
000000010001001100
111111111011100110
000000010001000000
000000000110110000
111111110001100010
111111111100011011
111111110001101010
111111110001010100
000000010001010111
111111111100001010
111111110001101010
111111110001110010
111111111100011010
111111111100001000
000000000110010110
000000010001001011
111111110000111010
000000000110100000
000000000110011100
000000000110100111
111111110001100000
111111111100101100
111111110001111010
000000000111000011
111111111100000100
000000000110100000
000000000110100111
000000010001010101
000000010001000011
000000000110001110
111111111011100100
000000000110101100
111111110000111110
000000010001001100
000000000110010100
000000010000111110
000000010001000100
000000000110100101
111111110001000111
000000000110110011
111111111011101101
000000010001000100
000000000110100101
111111110001010001
000000000110101011
000000000110100100
111111110001011000
111111110001110101
111111110001110011
111111110001110101
111111110001111000
111111111100010000
000000010001001001
000000000110010000
111111111011110101
000000000110110010
000000000111000110
111111110001110000
111111111100001010
000000000110101000
000000000110100000
000000000110100111
111111110001001101
111111110001010010
111111110001011010
111111111100001101
111111111011111100
000000010001001001
000000010001010111
000000000110110100
000000010001110000
000000000111001100
111111110001010100
000000010001011100
111111111100010110
111111111100011010
111111110001100101
000000000110111111
111111111100001010
000000000110111111
111111110001011011
000000010001010011
000000000110110001
111111110001010000
000000000110100111
000000000110101110
000000000110110010
111111111100001000
111111111100001000
000000000110100001
000000010001011011
111111110001001000
000000010001011010
000000000110111000
111111110001011101
111111111100010100
111111110001100101
000000010001001010
000000010001001011
000000000110011001
111111111100000100
111111111100001111
