000000000010100100
000000000000000000
000000000000000000
000000000000000000
000000000000000000
000000000000000000
000000000000000000
000000000000000000
000000000000000000
000000000000000000
000000000000000000
111111110111100000
000001011000000000
111110100101000000
000001100101000000
000011000101100000
000000001101000000
111101001010100000
000011001011100000
000011000000000000
000001010011100000
000100011011100000
000000011011100000
111110111101000000
000001110010000000
111101011011100000
111110110010100000
000000010000000000
111110110000100000
000001000101000000
000001001000000000
111111111000000000
000001001001000000
000001001001100000
000001000011100000
000010010100100000
111111111000100000
111111110001000000
000011001100100000
000000000010100000
111110001011100000
000000010101000000
000000000100100000
111111111011000000
000010000110100000
111110111001100000
111111010000100000
000001000010100000
111111111011000000
000001101111000000
111111001101000000
111111100111000000
111110000000100000
000000001011000000
000001101000100000
111110101110100000
111110101111000000
000000110010100000
111111011011000000
000000101000100000
000000110110000000
111111010100000000
000001111001100000
111111010111000000
111111110110000000
000000111100100000
000000000101100000
000000010001100000
000000000001100000
111111111110100000
111111101001100000
000000100110000000
000000100110000000
000000010010000000
111111011100000000
000000100111100000
111111111010000000
000000100100000000
000000101110000000
000000011110000000
111111110110100000
000000001110000000
000000011111000000
000000010110100000
111111111010100000
111111010000000000
000000101000100000
111111100011100000
000000100111100000
000000011001000000
000000000010100000
000000011000000000
111111111111100000
111111110000000000
111111111001100000
000000100101100000
111111111100100000
000000010000000000
000000010111000000
000000001100000000
000000010100100000
000000000101100000
111111111001000000
000000101100000000
000000010010100000
111111110110100000
000000101101100000
000000010110000000
000000100000100000
000000011001000000
111111011111100000
000000010000100000
000000000110000000
000000011010000000
000000000001000000
000000001000100000
000000100001000000
111111111001000000
000000010100100000
000000011101000000
000000000000100000
111111111111100000
000000001101000000
000000100111100000
000000001101000000
000000001101100000
000000011001000000
111111101110100000
000000001001100000
000000001010000000
000000001101100000
000000001100100000
000000010100100000
000000001001100000
000000001001100000
000000010110100000
000000011101000000
111111111000100000
000000001010100000
000000010111100000
000000000011100000
000000001101100000
000000000100000000
000000001010100000
000000011001100000
111111110110100000
000000000101000000
111111111001000000
000000011011000000
000000000011000000
000000000000100000
000000001001100000
000000010010000000
000000000101000000
000000000001100000
000000001111100000
000000000000100000
111111111010100000
000000011100100000
000000010100000000
000000000100000000
000000010000100000
000000000110000000
000000000011100000
000000000001000000
000000000110100000
111111111100000000
000000001010100000
000000001001100000
000000001110100000
000000010110100000
000000000110100000
000000001101000000
000000001001100000
000000010100000000
000000000101000000
000000000111100000
000000001010100000
000000010000100000
000000010111100000
000000001010100000
000000001000100000
000000000110000000
000000010010100000
000000001011000000
000000011011100000
000000001011000000
000000001100000000
000000000111100000
000000010010000000
000000000101000000
000000001111000000
000000001100000000
000000001010100000
000000011011000000
000000010001000000
000000001000100000
111111111100100000
000000000100100000
000000010010100000
000000000100000000
000000001000100000
000000000011000000
000000001111000000
000000001110100000
000000001101000000
000000010001100000
000000010000000000
000000010111000000
000000010000000000
000000001101000000
000000001101100000
000000001000000000
000000000101000000
000000000101000000
000000000011100000
000000001000000000
000000001011000000
000000010001000000
000000010000000000
000000000111000000
000000010010100000
000000001100100000
000000001101100000
000000010010000000
000000001111100000
000000001100100000
000000000110000000
111111111011000000
111111111111000000
000000001001100000
000000010001000000
000000001101000000
000000000111000000
000000000001100000
111111111011000000
111111111110100000
000000000001100000
000000000010100000
111111111100000000
111111110110000000
000000001010000000
000000000000000000
000000010100100000
000000000100100000
000000001110100000
000000000111100000
000000001111000000
000000000110100000
000000001001000000
000000010101000000
000000010000100000
000000001010100000
000000010001000000
000000000101000000
000000010001000000
000000010100000000
000000001010100000
000000000001000000
000000000111000000
000000001110000000
000000010010100000
000000010011000000
000000011010000000
000000010011000000
000000001100100000
000000010110000000
000000011101000000
000000011011100000
000000010000000000
111111111111100000
111111111100100000
000000001110100000
000000001111100000
000000000111100000
000000000010100000
000000000101100000
000000000111000000
000000000100000000
000000000000100000
000000000000100000
000000001111000000
000000010100000000
000000011010000000
000000001011100000
000000001110100000
000000000100000000
000000010010000000
000000001111000000
000000001101100000
000000001001100000
000000000011000000
000000000101100000
000000001000100000
000000001000000000
000000000100000000
000000000010000000
000000001100000000
000000010101100000
000000010101100000
000000001111000000
111111111001100000
111111110010100000
111111111100000000
111111111111100000
000000001111100000
000000000111100000
000000001000100000
000000000011100000
111111111001100000
111111111000000000
000000000001100000
000000001100100000
000000100000100000
000000101000000000
000000100001000000
000000011110000000
000000011111100000
000000011001100000
000000001011100000
000000000110000000
000000000001100000
111111111110000000
000000000111100000
000000001111100000
000000001101000000
000000001110100000
000000000111100000
000000000001000000
000000000000100000
111111111101000000
111111111110100000
111111111101000000
111111111111000000
111111111011100000
000000001001100000
000000010101000000
000000001110000000
000000001111000000
000000010101100000
000000001000000000
000000000011000000
000000000101000000
111111111111100000
111111111110000000
000000000011000000
000000001100000000
000000010011000000
000000001011100000
000000010001100000
000000000110100000
111111111011000000
000000000010100000
000000000101000000
000000000011100000
000000001111000000
000000001000100000
000000000101000000
111111111101100000
111111111011100000
111111111110000000
000000000100100000
000000000101000000
000000000110100000
000000010000000000
000000001100100000
000000001101000000
000000000110000000
000000001111000000
000000000110000000
000000010011000000
000000011011000000
000000011010000000
000000011101000000
000000001111000000
000000001010000000
000000000101100000
000000000011100000
000000001011000000
000000010001000000
000000001010100000
000000001100000000
000000001011100000
111111111111100000
000000000001100000
000000000001100000
000000000111100000
000000001010000000
000000001001000000
111111111100100000
111111111011000000
111111111101100000
111111111000000000
111111110100100000
111111111001000000
000000000000000000
000000000011000000
000000000111000000
000000001011000000
000000001110100000
000000010111100000
000000011000000000
000000001100000000
000000000110000000
000000001010100000
000000010000000000
000000001011000000
000000000010100000
111111111001000000
111111111011000000
111111111110100000
000000000100100000
000000010101100000
000000011010000000
000000011100000000
000000011110100000
000000010001100000
000000010010000000
000000010001000000
000000001011000000
000000001111000000
000000000110000000
000000001100000000
000000010001000000
000000001011100000
000000001110000000
000000000110000000
000000001001000000
000000010001000000
000000001100100000
000000001110000000
000000001000100000
000000001100000000
000000000110000000
000000001011100000
000000001101100000
000000001101000000
000000001001100000
000000001001100000
000000001001000000
000000001111000000
000000000010100000
000000000111100000
000000001011000000
000000001111000000
000000001110100000
