000000000000000000
000000000000000000
000000000000000000
000000000000000000
000000000000000000
000000000000000000
000000000000000000
000000000000000000
000000000000000000
000000000000000000
000000000000010001
111111101101010000
000000010010110110
111111110111100010
111111110100100001
000000000100111010
000000010101101011
111111110100010101
111111110100101100
111111111000000101
111111100111001001
000000001111001001
000000010010000110
000000000001110000
000000010101001001
000000000111101111
000000000100110100
000000010010011111
111111101101110110
111111101101110000
111111111010111100
111111111000011010
111111111000011001
000000000011001101
111111110110000011
000000000101100011
111111110000011110
111111101001100111
000000001111111011
000000001000111101
000000001111010110
111111101111110111
000000000101011110
111111110110011111
000000000111100001
111111111100001011
000000000011001111
111111111010110110
111111110111001110
000000000110111010
111111111011011110
000000010011111111
000000000100111110
111111101100101111
000000000111110111
000000000111110110
111111101110011011
111111111011110110
000000000100000011
111111111001000000
000000000110101100
111111101100001101
000000000110100110
111111110000010100
111111101110000111
111111101111110101
000000001111011101
000000000101010001
111111110000000011
111111111011011001
000000000100001000
111111111001100000
000000000100110000
000000010001001000
000000000100000101
111111111010111000
111111101110111000
111111101110100100
111111101111000100
000000000101100111
000000001111100100
111111111001101110
000000000100100111
111111111010110111
000000010001100000
111111101110101111
000000000110001101
111111111001011101
111111101111001110
111111111010100111
000000000100100100
111111111010101101
000000010000100000
000000000101100001
111111111001100001
000000010000000111
111111101111100000
000000001111010010
111111111010010100
000000001111010111
000000001111110101
000000000101100010
111111111001010100
000000000100101111
000000000101100111
000000001110100101
000000001111010100
000000000100010011
000000001111001110
000000010001000001
111111101111011111
111111101111110100
000000000100100000
000000001111111110
000000000101000011
000000001110111110
000000010000001110
000000001111010111
000000001111000110
000000001111111111
000000000101010101
111111101111100110
111111111001011101
000000001111100110
111111111010010001
111111111001111010
000000000101110111
111111101111101101
000000000101000000
000000001111100101
000000000100111011
000000000100101011
000000000101000001
111111111010011001
111111111001111111
111111111001110010
000000010000001111
111111101111101011
111111101111010001
000000001111111001
111111101111100101
111111111010100100
111111111010010111
111111111001111001
000000010000010011
111111101111110110
000000010000001110
111111101111001010
000000001111111010
111111111010101011
000000000101000001
111111111010001000
000000000101001010
111111111010101001
111111101111100001
000000000101010011
000000000101011111
111111101111000111
000000001111011000
111111111010100100
111111101111011111
000000001111110100
111111111010100101
111111101111111110
111111101111110011
111111111010110100
111111101111101011
000000001111101101
111111111010001111
000000000100100111
000000001111110011
111111101111100110
000000000101000001
111111111010000100
000000001111110110
111111111010011101
111111111010010111
000000000100110011
000000001111010001
000000001111101011
111111101111101111
111111111010100000
111111111010000111
000000001111101010
111111111001110101
000000001111101010
111111111010010100
111111111010011101
111111101111011100
000000001111110110
111111101111100010
000000000100111100
000000001111101011
000000001111001010
000000001111011110
111111101111101111
111111110000000111
111111101111110111
111111111010000111
000000001111111000
111111101111101111
000000000101001110
111111111010001110
000000000100110111
000000001111100110
000000001111011101
000000000100110100
111111111001111110
000000000100110100
000000001111100110
111111111010010001
111111101111110000
111111111010100010
111111111010100010
111111101111111001
111111101111110000
000000000100111110
000000001111011110
000000001111100000
000000000101000110
111111101111011011
000000001111100111
111111111010010001
111111111010001000
000000001111100001
111111111010010011
111111111010100000
111111110000001010
111111110000000010
111111111010011001
000000001111011110
000000000100111010
111111111010011110
111111111010101001
111111110000001010
111111111010101111
000000000101010001
111111101111111011
111111110000001000
111111110000010100
111111101111101100
000000010000000000
111111101111010111
000000001111110111
111111101111100011
000000001111110001
111111111010001110
111111111010011111
111111111010011010
111111111010000010
000000001111011111
111111101111101011
111111111010001010
000000000101001010
111111111010001010
000000001111011000
111111111010010111
111111111010101010
111111111010011110
000000000100111000
000000000100101111
000000001111011010
111111111001111000
000000000100101110
000000000100111011
111111111010000000
000000001111000110
000000001111001001
111111101111100000
111111110000000001
111111111010110011
111111111010001111
000000001111100001
111111111010011101
111111101111111011
111111111010100001
111111111010011110
111111101111111000
111111101111111111
000000000101010011
000000000100110110
000000001111011000
111111111001111000
000000001111101001
111111101111100011
000000001111111000
111111101111011100
000000000100110110
000000000100111001
111111111010011001
111111111010100110
111111111010100001
111111111010011011
111111111010011100
111111111010100100
111111111010101000
111111111010010100
000000001111010101
000000001111010101
111111101111100010
111111110000001101
111111110000011011
111111111010110100
000000010000000001
111111101111100001
000000000101000101
000000000101000011
111111101111111001
111111111010111001
111111110000010000
111111101111111101
000000001111100111
000000001110111111
000000001110110000
000000001110111110
000000000100011000
000000001111000001
000000000100100001
000000000100111101
111111111010100000
111111111010101001
111111111010110000
111111101111110001
000000000100110101
000000001111100110
111111101111100011
111111111010011101
111111111010101010
111111111010101011
111111110000000110
111111110000000011
000000000101011010
111111110000000010
000000000101011101
111111111010011001
000000000100101010
000000001111100100
111111111010001110
000000001111010101
000000000101000100
111111101111111010
111111101111110110
000000000101010101
111111110000000100
111111101111111010
111111111010010100
000000000100101110
000000001111101001
111111101111011101
000000000101000111
111111110000001010
111111101111111011
111111111010100010
111111111010100101
111111111010001110
000000001111101111
111111111010100010
111111110000000101
111111110000001001
111111110000000100
111111101111110111
000000000101001010
111111111010011111
111111101111100000
000000001111100111
000000001111100110
000000001111110100
111111111010001110
000000000101001000
111111101111011010
000000001111001010
000000001111001100
111111101111000110
111111111010001110
111111101111101100
111111111010100001
111111111010100101
111111101111101010
111111111010001010
000000000100111111
111111101111101000
111111101111101001
000000000101010101
111111101111111101
111111101111111101
111111111010011101
000000000101000000
111111111010011010
111111110000000111
111111110000001010
111111111010110001
111111111010111100
111111110000010111
111111111010111010
000000000101010100
000000000101001110
111111101111110010
111111111010010110
000000000100110111
000000000100100101
000000001111010000
000000000100111100
111111111010100000
111111111010010111
111111111010001100
111111111010010110
111111101111111011
111111111010111010
111111111010110110
000000000101010111
111111111010100011
111111101111010101
000000001111001100
000000001111001000
000000001111000011
000000001111011101
111111101111011100
000000000100110010
000000001111101010
111111111010001110
000000001111110100
111111111010010100
000000001111011110
000000000100111101
111111111010010000
111111111010100000
111111101111101110
000000000100110010
000000001111100111
111111111010010000
000000000101000011
111111101111101000
000000000101001000
111111101111101001
000000001111100101
000000000100111010
111111111010011001
111111101111101101
000000001111101110
111111101111100010
000000000101001111
111111101111110001
000000000100111110
000000001111100010
111111111010001111
111111101111110100
