000000000010100100
000000000000000000
000000000000000000
000000000000000000
000000000000000000
000000000000000000
000000000000000000
000000000000000000
000000000000000000
000000000000000000
111111000100100000
111111000111100000
111011111011100000
000010001010000000
111110110001100000
000000001101100000
000000011110000000
000000100110000000
000000001101100000
000000001000000000
111110101101000000
111110100100000000
000011001100100000
000001110111000000
000001110010000000
000000101000000000
111111001100100000
000000011001000000
000001110010100000
111100011011100000
111100101110100000
111101111110100000
111111001000100000
111110111100100000
000001001100000000
111111111010000000
000000010100100000
111011101110000000
111110111110000000
000010010000100000
111101101001100000
000010100000100000
111011110000000000
000000010110100000
111111111111000000
111111010000100000
111101001101100000
000001001111100000
111101111110000000
000000000011000000
111111001011100000
111101111001100000
111111010101100000
000000000001100000
111110100010000000
111110101100000000
111110110101100000
111110001000100000
111101110111100000
000000011111000000
111111001011100000
111111000100100000
111111001101000000
111111011000000000
111101100111000000
111110111111000000
111101100111000000
000000110001000000
111111110001100000
111101111101100000
111110010110100000
000000001010100000
111111000110000000
111111101000100000
111111011000000000
111111111000000000
111110101111100000
111110110010000000
111111010001000000
111111000011100000
111111001011000000
000000000011000000
111110110101100000
111111111011000000
111110111000000000
111111100010100000
111110111010000000
111111000011100000
111111100000100000
111111000110100000
111110111101100000
000000000001100000
111110111011000000
111111100101100000
111111000100000000
111110111111000000
000000000001000000
111110010110100000
000000000100100000
111110110110000000
111111101000000000
111111100011000000
111110110111000000
111111000010000000
111111101111100000
111110111011100000
111111011011000000
111111010001100000
111111000101000000
111111110000000000
111111001011000000
111111000110100000
111111000000000000
111111101010100000
111111101101100000
111111000100000000
111111110011100000
111111010111000000
111111010101100000
111111101101000000
111111010111000000
111111010010100000
111110110110000000
111111001110100000
111111100010000000
111111000100000000
111111011011000000
111111001111100000
111111001010000000
111111000111100000
111111101111000000
111111010000000000
111111011001000000
111111011101000000
111110111111100000
111111010000100000
111111011011000000
111111001010000000
111111010101000000
111110111011000000
111111010111000000
111111011010100000
111111000000000000
111111001100000000
111111011010000000
111111011110000000
111111001100000000
111111000101100000
111111010100100000
111111100000100000
111111001110000000
111111001011100000
111111010111000000
111111010101100000
111111001000000000
111111010110000000
111111100010100000
111111010001000000
111111001001000000
111111010101100000
111111001001100000
111111001111000000
111111010110100000
111111010001000000
111111000110000000
111111001011000000
111111011010000000
111111001111000000
111111011101100000
111111010000100000
111111001101000000
111111010100000000
111111001001000000
111111001001100000
111111001101100000
111111010000000000
111111000100000000
111111011000100000
111111010101000000
111111010011000000
111111001100000000
111111010001000000
111111011011000000
111111011101000000
111111011010100000
111111001110000000
111111010111100000
111111001101100000
111111010010000000
111111011000100000
111111001010100000
111111010101000000
111111011100000000
111111011010100000
111111010001100000
111111010000100000
111111001101000000
111111010011000000
111111010100100000
111111011010000000
111111001011100000
111111001100100000
111111001111000000
111111010101000000
111111011000000000
111111011010100000
111111010100100000
111111011001000000
111111010010000000
111111011111100000
111111001110000000
111111001010000000
111111011001000000
111111010101000000
111111010101100000
111111011000000000
111111011000100000
111111011111000000
111111100001000000
111111011010100000
111111011001000000
111111011010000000
111111011000000000
111111010110000000
111111010111000000
111111001110000000
111111001100000000
111111000011100000
111111001001000000
111111000101100000
111111001001100000
111111010010100000
111111010111100000
111111010110000000
111111010010000000
111111010100100000
111111010111000000
111111010011000000
111111010011100000
111111000111000000
111111010100100000
111111010000100000
111111010000100000
111111010001000000
111111000110000000
111111011001100000
111111010110000000
111111011011100000
111111010110100000
111111011011000000
111111011111000000
111111010110000000
111111100000100000
111111010110000000
111111010100100000
111111011010100000
111111001011100000
111111001011100000
111111010010100000
111111010111000000
111111001111000000
111111010100000000
111111010001100000
111111010001000000
111111010111000000
111111010011100000
111111011011000000
111111100000000000
111111010101100000
111111010000100000
111111011000000000
111111011100100000
111111010111000000
111111010011100000
111111010010000000
111111011010000000
111111100011000000
111111010111100000
111111001100100000
111111001100100000
111111010110000000
111111011010000000
111111010110100000
111111010011000000
111111001100100000
111111010101000000
111111011000100000
111111100000000000
111111011001000000
111111010011000000
111111001101100000
111111010111000000
111111011011100000
111111011101100000
111111011000100000
111111010010000000
111111010100100000
111111011000000000
111111011001000000
111111011000100000
111111010011100000
111111010011000000
111111001001000000
111111001000000000
111111001110000000
111111010001000000
111111011101100000
111111010001100000
111111011111100000
111111011111100000
111111011110100000
111111100000000000
111111011011000000
111111011001100000
111111010000000000
111111010100000000
111111010110100000
111111010000000000
111111001000000000
111111000101100000
111111001010000000
111111011000000000
111111010100000000
111111001011000000
111111001010100000
111111000110100000
111110111001100000
111111000001000000
111111001010000000
111111001011100000
111111001010100000
111111000110100000
111111010100100000
111111011010100000
111111100110000000
111111011100000000
111111011100100000
111111011110000000
111111011100000000
111111010011100000
111111001010000000
111111010000100000
111111001100000000
111111011000100000
111111100010000000
111111011010000000
111111100011000000
111111100000000000
111111010010000000
111111001111000000
111111001000100000
111111001011000000
111111010110000000
111111010100100000
111111010001000000
111111001011000000
111111000111000000
111111001001000000
111111010010000000
111111011111000000
111111011010100000
111111100011000000
111111011010000000
111111011100000000
111111010110100000
111111010000000000
111111000000000000
111111000011000000
111111001000100000
111111010100000000
111111011010000000
111111010110100000
111111010101100000
111111011110100000
111111100011000000
111111100100000000
111111010100000000
111111100001000000
111111011010000000
111111100000000000
111111100001000000
111111011110000000
111111010111100000
111111011100100000
111111010000100000
111111011111100000
111111011110000000
111111010111100000
111111010111100000
111111010100100000
111111011000000000
111111010100000000
111111000101100000
111111000110100000
111111000101100000
111111000100000000
111111001110000000
111111011011100000
111111100010000000
111111011011100000
111111010001000000
111111000111000000
111111001000000000
111111010001000000
111111010110000000
111111011010000000
111111010110100000
111111011001100000
111111010111000000
111111010011000000
111111001111100000
111111011000000000
111111011011100000
111111010100100000
111111010000000000
111111001000000000
111111000100000000
111111010110000000
111111010010000000
111111001011000000
111111001001000000
111111001101100000
111111001010100000
111111010001000000
111111001010100000
111111010010100000
111111010110100000
111111010001100000
111111011000000000
111111010110100000
111111010011000000
111111010001000000
111111010010000000
111111010010000000
111111011001100000
111111010010100000
111111011100000000
111111010011000000
111111001110000000
111111010001100000
111111001100000000
111111001101100000
111111011011000000
111111011010100000
111111011101100000
111111010100000000
