000000000000000000
000000000000000000
000000010000000000
000000000000000000
000000000000000000
000000000000000000
000000010000000000
000000000000000000
000000000000000000
000000000000000000
000000010000000000
000000000000000000
000000000000000000
000000000000000000
000000010000000000
000000000000000000
000000000000000000
000000000000000000
000000010000000000
000000000000000000
000000000000000000
000000000000000000
000000010000000000
000000000000000000
000000000000000000
000000000000000000
000000010000000000
000000000000000000
000000000000000000
000000000000000000
000000010000000000
000000000000000000
000000000000000000
000000000000000000
000000010000000000
000000000000000000
000000000000000000
000000000000000000
000000010000000000
000000000000000000
000000000000000000
000000000000000000
000000010000000000
000000000000000000
000000000000000000
000000000000000000
000000010000000000
000000000000000000
000000000000000000
000000000000000000
000000010000000000
000000000000000000
000000000000000000
000000000000000000
000000010000000000
000000000000000000
000000000000000000
000000000000000000
000000010000000000
000000000000000000
000000000000000000
000000000000000011
000000001111111101
000000000000000000
000000000000000000
000000000000000011
000000001111111011
000000000000000010
000000000000000010
000000000000000011
000000001111111011
000000000000000100
000000000000000100
000000000000000100
000000001111111001
000000000000000011
000000000000000011
000000000000000100
000000001111111001
000000000000000011
000000000000000011
000000000000000101
000000001111110111
000000000000000010
000000000000000010
000000000000000011
000000001111110101
000000000000000101
000000000000000101
000000000000000010
000000001111110100
000000000000000011
000000000000000011
000000000000000001
000000001111110100
000000000000000011
000000000000000011
000000000000000101
000000001111110000
000000000000000010
000000000000000010
000000000000000100
000000001111101101
000000000000000000
000000000000000000
000000000000000010
000000001111101100
111111111111111110
111111111111111110
000000000000000100
000000001111101011
111111111111111111
111111111111111111
000000000000000011
000000001111101001
111111111111111110
111111111111111110
000000000000000011
000000001111101000
111111111111111101
111111111111111101
000000000000000011
000000001111101000
111111111111111101
111111111111111101
000000000000000101
000000001111100110
111111111111111100
111111111111111100
000000000000000010
000000001111100011
111111111111111110
111111111111111110
000000000000000000
000000001111100000
111111111111111011
111111111111111011
000000000000000000
000000001111011111
111111111111111010
111111111111111010
000000000000000000
000000001111011111
111111111111111001
111111111111111001
000000000000000001
000000001111011111
111111111111111001
111111111111111001
000000000000000000
000000001111011110
111111111111111001
111111111111111001
000000000000000001
000000001111011101
111111111111111001
111111111111111001
000000000000000001
000000001111011101
111111111111111001
111111111111111001
000000000000000100
000000001111011000
111111111111111010
111111111111111010
000000000000000111
000000001111010101
111111111111110111
111111111111110111
000000000000001001
000000001111010011
111111111111110110
111111111111110110
000000000000001010
000000001111010000
111111111111110111
111111111111110111
000000000000001100
000000001111001110
111111111111111001
111111111111111001
000000000000001101
000000001111001001
111111111111111101
111111111111111101
000000000000001101
000000001111001001
111111111111111101
111111111111111101
000000000000001110
000000001111001000
111111111111111101
111111111111111101
000000000000001101
000000001111000111
111111111111111110
111111111111111110
000000000000001111
000000001111000100
111111111111111101
111111111111111101
000000000000001111
000000001111000011
111111111111111110
111111111111111110
000000000000010000
000000001111000010
000000000000000000
000000000000000000
000000000000010001
000000001111000001
000000000000000000
000000000000000000
000000000000010000
000000001111000001
000000000000000001
000000000000000001
000000000000001110
000000001110111111
000000000000000000
000000000000000000
000000000000001110
000000001110111101
000000000000000000
000000000000000000
000000000000001110
000000001110111101
000000000000000000
000000000000000000
000000000000001110
000000001110111100
000000000000000001
000000000000000001
000000000000001100
000000001110111010
000000000000000010
000000000000000010
000000000000001100
000000001110111000
000000000000000000
000000000000000000
000000000000001010
000000001110110110
111111111111111111
111111111111111111
000000000000001100
000000001110110100
111111111111111110
111111111111111110
000000000000001100
000000001110110100
111111111111111110
111111111111111110
000000000000001100
000000001110110100
111111111111111111
111111111111111111
000000000000001101
000000001110110011
111111111111111111
111111111111111111
000000000000001101
000000001110110010
111111111111111111
111111111111111111
000000000000001101
000000001110110010
000000000000000000
000000000000000000
000000000000001101
000000001110110000
111111111111111111
111111111111111111
000000000000001011
000000001110101111
111111111111111101
111111111111111101
000000000000001101
000000001110101100
111111111111111101
111111111111111101
000000000000001101
000000001110101011
111111111111111110
111111111111111110
000000000000001101
000000001110101011
111111111111111110
111111111111111110
000000000000001011
000000001110101001
111111111111111111
111111111111111111
000000000000001100
000000001110100111
111111111111111101
111111111111111101
000000000000001100
000000001110100111
111111111111111101
111111111111111101
000000000000001100
000000001110100111
111111111111111110
111111111111111110
000000000000001100
000000001110100111
111111111111111110
111111111111111110
000000000000001100
000000001110100110
111111111111111110
111111111111111110
000000000000001100
000000001110100110
111111111111111111
111111111111111111
000000000000001100
000000001110100101
000000000000000000
000000000000000000
000000000000001100
000000001110100100
111111111111111111
111111111111111111
000000000000001011
000000001110100100
111111111111111110
111111111111111110
000000000000001011
000000001110100100
111111111111111110
111111111111111110
000000000000001100
000000001110100100
111111111111111110
111111111111111110
000000000000001100
000000001110100100
111111111111111110
111111111111111110
000000000000001101
000000001110100100
111111111111111111
111111111111111111
000000000000001101
000000001110100100
111111111111111111
111111111111111111
000000000000001100
000000001110100011
000000000000000000
000000000000000000
000000000000001100
000000001110100010
000000000000000000
000000000000000000
000000000000001011
000000001110100001
000000000000000000
000000000000000000
000000000000001100
000000001110100000
000000000000000000
000000000000000000
000000000000001011
000000001110100000
000000000000000000
000000000000000000
000000000000001011
000000001110100000
000000000000000000
000000000000000000
000000000000001100
000000001110100000
000000000000000000
000000000000000000
000000000000001100
000000001110100000
000000000000000000
000000000000000000
000000000000001011
000000001110011111
000000000000000001
000000000000000001
000000000000001011
000000001110011110
000000000000000001
000000000000000001
000000000000001011
000000001110011101
000000000000000000
000000000000000000
000000000000001100
000000001110011100
111111111111111111
111111111111111111
000000000000001100
000000001110011100
111111111111111111
111111111111111111
000000000000001110
000000001110011010
000000000000000000
000000000000000000
000000000000001110
000000001110011010
000000000000000000
000000000000000000
000000000000001111
000000001110011001
000000000000000001
000000000000000001
000000000000001111
000000001110011001
000000000000000001
000000000000000001
000000000000001111
000000001110011001
000000000000000001
000000000000000001
000000000000010000
000000001110011001
000000000000000001
000000000000000001
000000000000010001
000000001110011001
000000000000000001
000000000000000001
000000000000010001
000000001110011001
000000000000000001
000000000000000001
000000000000010010
000000001110011000
000000000000000010
000000000000000010
000000000000010011
000000001110011001
000000000000000010
000000000000000010
000000000000010100
000000001110011010
000000000000000011
000000000000000011
000000000000010101
000000001110011011
000000000000000100
000000000000000100
000000000000010101
000000001110011011
000000000000000100
000000000000000100
000000000000010101
000000001110011010
000000000000000100
000000000000000100
000000000000010100
000000001110011010
000000000000000100
000000000000000100
000000000000010100
000000001110011001
000000000000000100
000000000000000100
000000000000010100
000000001110011001
000000000000000011
000000000000000011
000000000000010100
000000001110011001
000000000000000011
000000000000000011
000000000000010101
000000001110011000
000000000000000011
000000000000000011
000000000000010101
000000001110011001
000000000000000011
000000000000000011
000000000000010101
000000001110011000
000000000000000100
000000000000000100
000000000000010110
000000001110011001
000000000000000100
000000000000000100
000000000000010110
000000001110011010
000000000000000100
000000000000000100
000000000000010110
000000001110011010
000000000000000101
000000000000000101
000000000000010110
000000001110011010
000000000000000101
000000000000000101
000000000000010111
000000001110011001
000000000000000101
000000000000000101
000000000000011000
000000001110011001
000000000000000100
000000000000000100
000000000000011000
000000001110011010
000000000000000100
000000000000000100
000000000000011001
000000001110011010
000000000000000101
000000000000000101
000000000000011001
000000001110011010
000000000000000101
000000000000000101
000000000000011001
000000001110011001
000000000000000110
000000000000000110
000000000000011000
000000001110011000
000000000000000101
000000000000000101
000000000000011001
000000001110010111
000000000000000100
000000000000000100
000000000000011001
000000001110010111
000000000000000100
000000000000000100
000000000000011010
000000001110010111
000000000000000101
000000000000000101
000000000000011010
000000001110010111
000000000000000101
000000000000000101
000000000000011010
000000001110010111
000000000000000101
000000000000000101
000000000000011011
000000001110010111
000000000000000101
000000000000000101
000000000000011011
000000001110010111
000000000000000101
000000000000000101
000000000000011011
000000001110010111
000000000000000101
000000000000000101
000000000000011100
000000001110010111
000000000000000101
000000000000000101
000000000000011011
000000001110010111
000000000000000101
000000000000000101
000000000000011100
000000001110010110
000000000000000101
000000000000000101
000000000000011100
000000001110010111
000000000000000100
000000000000000100
000000000000011011
000000001110010111
000000000000000101
000000000000000101
000000000000011011
000000001110010110
000000000000000101
000000000000000101
000000000000011011
000000001110010110
000000000000000100
000000000000000100
000000000000011011
000000001110010110
000000000000000100
000000000000000100
000000000000011011
000000001110010110
000000000000000100
000000000000000100
000000000000011011
000000001110010101
000000000000000100
000000000000000100
000000000000011100
000000001110010100
000000000000000011
000000000000000011
000000000000011100
000000001110010100
000000000000000011
000000000000000011
000000000000011100
000000001110010100
000000000000000011
000000000000000011
000000000000011100
000000001110010011
000000000000000011
000000000000000011
000000000000011100
000000001110010011
000000000000000010
000000000000000010
000000000000011100
000000001110010011
000000000000000010
000000000000000010
000000000000011100
000000001110010011
000000000000000010
000000000000000010
000000000000011100
000000001110010011
000000000000000010
000000000000000010
000000000000011100
000000001110010011
000000000000000010
000000000000000010
000000000000011100
000000001110010011
000000000000000010
000000000000000010
000000000000011100
000000001110010010
000000000000000001
000000000000000001
000000000000011101
000000001110010010
000000000000000000
000000000000000000
000000000000011101
000000001110010011
000000000000000000
000000000000000000
000000000000011101
000000001110010011
000000000000000001
000000000000000001
000000000000011101
000000001110010011
000000000000000001
000000000000000001
000000000000011101
000000001110010011
000000000000000001
000000000000000001
000000000000011101
000000001110010011
000000000000000001
000000000000000001
000000000000011101
000000001110010010
000000000000000001
000000000000000001
000000000000011101
000000001110010010
000000000000000000
000000000000000000
000000000000011100
000000001110010010
000000000000000000
000000000000000000
000000000000011101
000000001110010001
000000000000000000
000000000000000000
000000000000011101
000000001110010010
111111111111111111
111111111111111111
000000000000011101
000000001110010010
000000000000000000
000000000000000000
000000000000011110
000000001110010010
000000000000000000
000000000000000000
000000000000011110
000000001110010011
000000000000000000
000000000000000000
000000000000011110
000000001110010010
000000000000000001
000000000000000001
000000000000011110
000000001110010010
000000000000000000
000000000000000000
000000000000011111
000000001110010010
000000000000000000
000000000000000000
000000000000011111
000000001110010011
000000000000000000
000000000000000000
000000000000100000
000000001110010011
000000000000000001
000000000000000001
000000000000100000
000000001110010011
000000000000000001
000000000000000001
000000000000100000
000000001110010011
000000000000000001
000000000000000001
000000000000100001
000000001110010100
000000000000000001
000000000000000001
000000000000100001
000000001110010100
000000000000000001
000000000000000001
000000000000100001
000000001110010100
000000000000000001
000000000000000001
000000000000100000
000000001110010100
000000000000000001
000000000000000001
000000000000100000
000000001110010011
000000000000000001
000000000000000001
000000000000011111
000000001110010011
000000000000000000
000000000000000000
000000000000100000
000000001110010010
000000000000000000
000000000000000000
000000000000011111
000000001110010011
111111111111111111
111111111111111111
000000000000011111
000000001110010010
000000000000000000
000000000000000000
000000000000011111
000000001110010010
111111111111111111
111111111111111111
000000000000011111
000000001110010001
111111111111111111
111111111111111111
000000000000011111
000000001110010001
111111111111111110
111111111111111110
000000000000011111
000000001110010001
111111111111111110
111111111111111110
000000000000011111
000000001110010001
111111111111111110
111111111111111110
000000000000011111
000000001110010001
111111111111111110
111111111111111110
000000000000100000
000000001110010001
111111111111111110
111111111111111110
000000000000100000
000000001110010010
111111111111111110
111111111111111110
000000000000011111
000000001110010010
111111111111111111
111111111111111111
000000000000011110
000000001110010010
111111111111111111
111111111111111111
000000000000011110
000000001110010001
111111111111111111
111111111111111111
000000000000011111
000000001110010001
111111111111111110
111111111111111110
000000000000011111
000000001110010010
111111111111111111
111111111111111111
000000000000011111
000000001110010010
000000000000000000
000000000000000000
000000000000011111
000000001110010010
000000000000000000
000000000000000000
000000000000011111
000000001110010010
000000000000000000
000000000000000000
000000000000011111
000000001110010010
000000000000000000
000000000000000000
000000000000011111
000000001110010010
000000000000000000
000000000000000000
000000000000011111
000000001110010010
000000000000000000
000000000000000000
000000000000011110
000000001110010010
000000000000000000
000000000000000000
000000000000011111
000000001110010001
000000000000000000
000000000000000000
000000000000011111
000000001110010001
000000000000000000
000000000000000000
000000000000011111
000000001110010001
000000000000000001
000000000000000001
000000000000011111
000000001110010001
000000000000000001
000000000000000001
000000000000011110
000000001110010001
000000000000000001
000000000000000001
000000000000011110
000000001110010000
000000000000000001
000000000000000001
000000000000011110
000000001110010000
000000000000000000
000000000000000000
000000000000011101
000000001110010000
000000000000000000
000000000000000000
000000000000011101
000000001110001111
000000000000000000
000000000000000000
000000000000011101
000000001110001111
111111111111111111
111111111111111111
000000000000011101
000000001110001111
111111111111111111
111111111111111111
000000000000011101
000000001110001111
111111111111111111
111111111111111111
000000000000011100
000000001110001111
111111111111111111
111111111111111111
000000000000011100
000000001110001110
111111111111111111
111111111111111111
000000000000011100
000000001110001110
111111111111111110
111111111111111110
000000000000011100
000000001110001110
111111111111111110
111111111111111110
000000000000011100
000000001110001110
111111111111111110
111111111111111110
000000000000011100
000000001110001110
111111111111111110
111111111111111110
000000000000011100
000000001110001110
111111111111111110
111111111111111110
000000000000011100
000000001110001110
111111111111111111
111111111111111111
000000000000011100
000000001110001111
111111111111111111
111111111111111111
000000000000011101
000000001110001110
111111111111111111
111111111111111111
000000000000011110
000000001110001110
111111111111111110
111111111111111110
000000000000011110
000000001110001111
111111111111111110
111111111111111110
000000000000011110
000000001110001111
111111111111111111
111111111111111111
000000000000011110
000000001110001111
111111111111111111
111111111111111111
000000000000011110
000000001110001111
111111111111111111
111111111111111111
000000000000011101
000000001110001111
111111111111111111
111111111111111111
000000000000011101
000000001110001110
111111111111111111
111111111111111111
000000000000011101
000000001110001110
111111111111111110
111111111111111110
000000000000011100
000000001110001110
111111111111111110
111111111111111110
000000000000011101
000000001110001101
111111111111111111
111111111111111111
000000000000011101
000000001110001110
111111111111111110
111111111111111110
000000000000011101
000000001110001101
111111111111111110
111111111111111110
000000000000011101
000000001110001101
111111111111111110
111111111111111110
000000000000011110
000000001110001101
111111111111111111
111111111111111111
000000000000011110
000000001110001110
111111111111111111
111111111111111111
000000000000011110
000000001110001110
000000000000000000
000000000000000000
000000000000011101
000000001110001110
000000000000000000
000000000000000000
000000000000011101
000000001110001101
000000000000000000
000000000000000000
000000000000011101
000000001110001101
111111111111111111
111111111111111111
000000000000011100
000000001110001101
111111111111111111
111111111111111111
000000000000011100
000000001110001100
111111111111111111
111111111111111111
000000000000011100
000000001110001100
111111111111111110
111111111111111110
000000000000011100
000000001110001100
111111111111111110
111111111111111110
000000000000011101
000000001110001011
111111111111111110
111111111111111110
000000000000011101
000000001110001100
111111111111111101
111111111111111101
000000000000011101
000000001110001100
111111111111111101
111111111111111101
000000000000011101
000000001110001100
111111111111111101
111111111111111101
000000000000011101
000000001110001100
111111111111111101
111111111111111101
000000000000011101
000000001110001100
111111111111111101
111111111111111101
000000000000011101
000000001110001100
111111111111111101
111111111111111101
000000000000011110
000000001110001100
111111111111111101
111111111111111101
000000000000011110
000000001110001101
111111111111111101
111111111111111101
000000000000011110
000000001110001101
111111111111111110
111111111111111110
000000000000011110
000000001110001101
111111111111111110
111111111111111110
000000000000011110
000000001110001101
111111111111111110
111111111111111110
000000000000011110
000000001110001101
111111111111111110
111111111111111110
000000000000011110
000000001110001101
111111111111111110
111111111111111110
000000000000011110
000000001110001101
111111111111111110
111111111111111110
000000000000011110
000000001110001101
111111111111111110
111111111111111110
000000000000011110
000000001110001101
111111111111111110
111111111111111110
000000000000011110
000000001110001101
111111111111111110
111111111111111110
000000000000011101
000000001110001101
111111111111111110
111111111111111110
000000000000011110
000000001110001100
111111111111111110
111111111111111110
000000000000011110
000000001110001101
111111111111111101
111111111111111101
000000000000011101
000000001110001101
111111111111111110
111111111111111110
000000000000011100
000000001110001100
111111111111111110
111111111111111110
000000000000011100
000000001110001100
111111111111111101
111111111111111101
000000000000011100
000000001110001100
111111111111111100
111111111111111100
000000000000011100
000000001110001100
111111111111111100
111111111111111100
000000000000011100
000000001110001100
111111111111111100
111111111111111100
000000000000011011
000000001110001100
111111111111111100
111111111111111100
000000000000011011
000000001110001100
111111111111111100
111111111111111100
000000000000011011
000000001110001100
111111111111111100
111111111111111100
000000000000011100
000000001110001100
111111111111111100
111111111111111100
000000000000011100
000000001110001100
111111111111111100
111111111111111100
000000000000011100
000000001110001100
111111111111111100
111111111111111100
000000000000011100
000000001110001100
111111111111111100
111111111111111100
000000000000011100
000000001110001100
111111111111111100
111111111111111100
000000000000011100
000000001110001100
111111111111111100
111111111111111100
000000000000011100
000000001110001100
111111111111111100
111111111111111100
000000000000011100
000000001110001100
111111111111111100
111111111111111100
000000000000011011
000000001110001100
111111111111111100
111111111111111100
000000000000011011
000000001110001011
111111111111111100
111111111111111100
000000000000011011
000000001110001011
111111111111111011
111111111111111011
000000000000011011
000000001110001011
111111111111111011
111111111111111011
000000000000011011
000000001110001011
111111111111111011
111111111111111011
000000000000011011
000000001110001011
111111111111111011
111111111111111011
000000000000011011
000000001110001011
111111111111111011
111111111111111011
000000000000011011
000000001110001011
111111111111111011
111111111111111011
000000000000011010
000000001110001011
111111111111111011
111111111111111011
000000000000011010
000000001110001010
111111111111111011
111111111111111011
000000000000011010
000000001110001010
111111111111111010
111111111111111010
000000000000011011
000000001110001011
111111111111111011
111111111111111011
000000000000011011
000000001110001100
111111111111111100
111111111111111100
000000000000011010
000000001110001100
111111111111111101
111111111111111101
000000000000011011
000000001110001011
111111111111111101
111111111111111101
000000000000011011
000000001110001011
111111111111111100
111111111111111100
000000000000011011
000000001110001010
111111111111111101
111111111111111101
000000000000011011
000000001110001010
111111111111111101
111111111111111101
000000000000011011
000000001110001010
111111111111111101
111111111111111101
000000000000011011
000000001110001010
111111111111111101
111111111111111101
000000000000011011
000000001110001010
111111111111111101
111111111111111101
000000000000011011
000000001110001010
111111111111111101
111111111111111101
000000000000011011
000000001110001010
111111111111111101
111111111111111101
000000000000011100
000000001110001010
111111111111111101
111111111111111101
000000000000011100
000000001110001011
111111111111111101
111111111111111101
000000000000011100
000000001110001011
111111111111111110
111111111111111110
000000000000011101
000000001110001011
111111111111111110
111111111111111110
000000000000011101
000000001110001100
111111111111111110
111111111111111110
000000000000011101
000000001110001100
111111111111111111
111111111111111111
000000000000011101
000000001110001100
111111111111111111
111111111111111111
000000000000011100
000000001110001100
111111111111111111
111111111111111111
000000000000011100
000000001110001011
111111111111111111
111111111111111111
000000000000011101
000000001110001011
111111111111111110
111111111111111110
000000000000011101
000000001110001100
111111111111111110
111111111111111110
000000000000011101
000000001110001100
111111111111111111
111111111111111111
000000000000011110
000000001110001100
000000000000000000
000000000000000000
000000000000011110
000000001110001101
000000000000000000
000000000000000000
000000000000011110
000000001110001101
000000000000000001
000000000000000001
000000000000011110
000000001110001101
000000000000000001
000000000000000001
000000000000011110
000000001110001101
000000000000000001
000000000000000001
000000000000011111
000000001110001101
000000000000000001
000000000000000001
000000000000011110
000000001110001110
000000000000000001
000000000000000001
000000000000011110
000000001110001101
000000000000000001
000000000000000001
000000000000011110
000000001110001101
000000000000000001
000000000000000001
000000000000011110
000000001110001100
000000000000000001
000000000000000001
000000000000011110
000000001110001100
000000000000000000
000000000000000000
000000000000011110
000000001110001100
000000000000000000
000000000000000000
000000000000011110
000000001110001100
000000000000000000
000000000000000000
000000000000011111
000000001110001100
000000000000000000
000000000000000000
000000000000011111
000000001110001101
000000000000000000
000000000000000000
000000000000011111
000000001110001101
000000000000000001
000000000000000001
000000000000100000
000000001110001100
000000000000000001
000000000000000001
000000000000011111
000000001110001101
000000000000000001
000000000000000001
000000000000011111
000000001110001101
000000000000000001
000000000000000001
000000000000011111
000000001110001100
000000000000000000
000000000000000000
000000000000011111
000000001110001100
111111111111111111
111111111111111111
000000000000011111
000000001110001100
111111111111111111
111111111111111111
000000000000011111
000000001110001100
111111111111111110
111111111111111110
000000000000011111
000000001110001100
111111111111111110
111111111111111110
000000000000011111
000000001110001100
111111111111111110
111111111111111110
000000000000100000
000000001110001101
111111111111111110
111111111111111110
000000000000011111
000000001110001101
111111111111111110
111111111111111110
000000000000011111
000000001110001100
111111111111111110
111111111111111110
000000000000011111
000000001110001100
111111111111111101
111111111111111101
000000000000100000
000000001110001100
111111111111111101
111111111111111101
000000000000100000
000000001110001101
111111111111111110
111111111111111110
000000000000100000
000000001110001101
111111111111111111
111111111111111111
000000000000100000
000000001110001101
111111111111111111
111111111111111111
000000000000011111
000000001110001101
111111111111111111
111111111111111111
000000000000011111
000000001110001100
111111111111111111
111111111111111111
000000000000011111
000000001110001100
111111111111111110
111111111111111110
000000000000011111
000000001110001100
111111111111111110
111111111111111110
000000000000011111
000000001110001100
111111111111111110
111111111111111110
000000000000100000
000000001110001011
111111111111111110
111111111111111110
000000000000100000
000000001110001100
111111111111111101
111111111111111101
000000000000100001
000000001110001101
111111111111111110
111111111111111110
000000000000100001
000000001110001110
111111111111111110
111111111111111110
000000000000100001
000000001110001110
111111111111111111
111111111111111111
000000000000100001
000000001110001110
111111111111111111
111111111111111111
000000000000100001
000000001110001101
111111111111111111
111111111111111111
000000000000100001
000000001110001101
111111111111111110
111111111111111110
000000000000100000
000000001110001101
111111111111111110
111111111111111110
000000000000100000
000000001110001100
111111111111111110
111111111111111110
000000000000100000
000000001110001100
111111111111111101
111111111111111101
000000000000100000
000000001110001100
111111111111111101
111111111111111101
000000000000100000
000000001110001100
111111111111111101
111111111111111101
000000000000011111
000000001110001100
111111111111111101
111111111111111101
000000000000011111
000000001110001011
111111111111111101
111111111111111101
000000000000011111
000000001110001011
111111111111111100
111111111111111100
000000000000011110
000000001110001011
111111111111111100
111111111111111100
000000000000011110
000000001110001010
111111111111111100
111111111111111100
000000000000011111
000000001110001010
111111111111111011
111111111111111011
000000000000011111
000000001110001010
111111111111111011
111111111111111011
000000000000011111
000000001110001010
111111111111111100
111111111111111100
000000000000011111
000000001110001010
111111111111111100
111111111111111100
000000000000011111
000000001110001001
111111111111111100
111111111111111100
000000000000011111
000000001110001001
111111111111111011
111111111111111011
000000000000011111
000000001110001001
111111111111111011
111111111111111011
000000000000011111
000000001110001001
111111111111111011
111111111111111011
000000000000011111
000000001110001001
111111111111111011
111111111111111011
000000000000011111
000000001110001001
111111111111111011
111111111111111011
000000000000100000
000000001110001010
111111111111111100
111111111111111100
000000000000100001
000000001110001011
111111111111111101
111111111111111101
000000000000100010
000000001110001100
111111111111111110
111111111111111110
000000000000100010
000000001110001101
111111111111111111
111111111111111111
000000000000100001
000000001110001101
000000000000000000
000000000000000000
000000000000100001
000000001110001100
000000000000000000
000000000000000000
000000000000100001
000000001110001100
111111111111111111
111111111111111111
000000000000100001
000000001110001100
111111111111111111
111111111111111111
000000000000100001
000000001110001100
111111111111111111
111111111111111111
000000000000100010
000000001110001100
111111111111111111
111111111111111111
000000000000100010
000000001110001101
111111111111111111
111111111111111111
000000000000100010
000000001110001101
000000000000000000
000000000000000000
000000000000100010
000000001110001101
000000000000000000
000000000000000000
000000000000100010
000000001110001101
000000000000000000
000000000000000000
000000000000100010
000000001110001101
000000000000000000
000000000000000000
000000000000100010
000000001110001101
000000000000000000
000000000000000000
000000000000100010
000000001110001101
000000000000000000
000000000000000000
000000000000100010
000000001110001101
000000000000000000
000000000000000000
000000000000100010
000000001110001101
000000000000000001
000000000000000001
000000000000100001
000000001110001101
000000000000000001
000000000000000001
000000000000100001
000000001110001100
000000000000000001
000000000000000001
000000000000100001
000000001110001100
000000000000000000
000000000000000000
000000000000100001
000000001110001100
000000000000000000
000000000000000000
000000000000100001
000000001110001100
000000000000000000
000000000000000000
000000000000100001
000000001110001100
000000000000000000
000000000000000000
000000000000100001
000000001110001100
000000000000000000
000000000000000000
000000000000100001
000000001110001100
000000000000000000
000000000000000000
000000000000100001
000000001110001100
111111111111111111
111111111111111111
000000000000100010
000000001110001100
000000000000000000
000000000000000000
000000000000100010
000000001110001101
000000000000000000
000000000000000000
000000000000100010
000000001110001101
000000000000000001
000000000000000001
000000000000100010
000000001110001101
000000000000000001
000000000000000001
000000000000100010
000000001110001101
000000000000000001
000000000000000001
000000000000100001
000000001110001101
000000000000000001
000000000000000001
000000000000100001
000000001110001100
000000000000000001
000000000000000001
000000000000100010
000000001110001100
000000000000000000
000000000000000000
000000000000100010
000000001110001101
111111111111111111
111111111111111111
000000000000100010
000000001110001101
000000000000000000
000000000000000000
000000000000100010
000000001110001101
000000000000000000
000000000000000000
000000000000100010
000000001110001101
000000000000000000
000000000000000000
000000000000100010
000000001110001101
000000000000000000
000000000000000000
000000000000100010
000000001110001101
000000000000000000
000000000000000000
000000000000100010
000000001110001101
000000000000000000
000000000000000000
000000000000100011
000000001110001101
111111111111111111
111111111111111111
000000000000100010
000000001110001101
111111111111111111
111111111111111111
000000000000100010
000000001110001100
000000000000000000
000000000000000000
000000000000100011
000000001110001011
111111111111111111
111111111111111111
000000000000100011
000000001110001100
111111111111111110
111111111111111110
000000000000100100
000000001110001100
111111111111111111
111111111111111111
000000000000100011
000000001110001101
111111111111111111
111111111111111111
