000000000000
111111100110
000000010001
101111100101
101101010000
010000011001
010010110110
111001011011
110111100010
110111101001
110100100001
000001111000
000100111010
010001000000
010101101011
111011000010
110100010101
110101001111
110100101100
110101011111
111000000101
101011110011
100110111100
001011011110
001111010010
001110101110
010010000111
000101010011
000001010110
001111101100
010101100000
001001000001
000111111011
000111100110
000100101111
001111111100
010010101010
101111001100
101101100010
101111001010
101101111001
111001111010
111011010001
111001110000
110111111001
111000001010
110111101101
000010011001
000010000101
110101110111
110100010101
000001010101
000101011101
101111000101
110000111010
101111011011
100111001000
001010111011
001111011101
000101100011
001010111101
010011011010
001111011101
101110101011
110000010111
000111010111
000101011101
110111101111
110100010101
000010101011
001000011110
111101010101
111101111011
000110111100
000010000101
110111101111
111010111010
111001100000
110100100001
000010011001
001000011110
111101100111
111101110000
010101111111
011000111000
001001010001
000101000110
101110000010
101010001001
000101001111
001011101011
001010001110
001011101011
110010110101
101101100010
111011110011
111110010011
000110011001
000010000101
110110111100
110111100010
000100100010
001000101010
101110100100
100110111100
000001011111
001000110101
110000111101
110000111010
101111101011
101010111000
101101110100
110000101110
010001010101
001111011101
000010100110
000101000110
101111111010
110000101110
111101111011
111110010011
000110011001
000010000101
110110111100
110111100010
000100010010
000100111010
010001010010
010101100000
000110100111
000001101101
111000000000
111011000110
101110011101
101010101100
101010000101
100111101011
101001010010
101010100000
000011111001
001000010011
010000101111
001111010010
111000000111
110111010110
000010111100
000010000101
111001010110
111101110000
010101011100
011001001111
110011101111
101101001010
000111010111
001011110111
111011011101
110100101100
101010011101
101010100000
111000010101
111011000110
000100010000
000010000101
111001010110
111101110000
010101111111
011000111000
001011101011
001011010100
111111001110
111010100011
010001001011
010010110110
110000110100
110000001100
010001111000
001111101001
111000111010
111010010111
010010010000
010010010011
010001000111
010010000111
000110111000
001000000111
111010101011
110100010101
000000110100
000001111001
000100111010
001011001000
010011111101
001110111010
001110001100
001110111010
000011001010
000001010110
001101110101
001110111010
010000110110
011000111000
110010101011
101010010101
101110010111
110000111010
000111000110
000101000110
010001000000
010101100000
001010010111
001010111101
010100001110
001110111010
010001101010
011000010101
010110001101
010001111100
010000110111
001110101111
010000100110
010101010100
000111101011
000101000110
101110110101
101101100010
111000110111
110100100001
001011100100
001111011101
110111100100
110111100010
110111101001
110100100001
000011001100
001011110111
110010110101
101101010110
000111101001
001011011111
010011001001
001111000110
000100110000
000111111011
000110010000
000001101101
000010100000
000101000110
111010001001
111010111010
111001001111
110100101100
110110010011
110111100010
001111110101
010110000010
101110111011
100111001000
101100100000
110000101110
010000110010
001111110100
101011101110
101010001001
111001101010
111110011110
111011111001
110111111001
111000011100
110111100010
001111110101
010110000010
110010111100
110000001100
010100110011
011001011011
110001100110
100110100101
001101100111
010110000010
111101111110
111101110000
001001010110
001000011110
111011001101
110111100010
000100110011
001000011110
111011101110
111011000110
101111000000
101010010101
000100111110
001011101011
001010001110
001011101011
110010010011
101001111110
001101010101
001111101001
110111000010
110111101101
101101011010
101010001001
001111001100
010110000010
111011010011
110111101101
101101101010
101101111001
101101100011
101010101100
110110011100
111000010000
101110101110
110000100011
010001010101
001111101001
111000101001
111010100011
000110101100
000100111010
001110100110
001111011101
101101100111
101101001010
000101001111
000101011101
111000000000
110100001001
001100000111
001111011101
111000101001
111010101111
111001110001
110100100001
000100000000
001011010100
010100110000
010010000111
010000110110
010010011110
101110101011
101010001001
111000100110
111011010001
111100011011
111101111011
010100010111
010101110111
111110100001
111101100100
010010110010
001111011101
111001101101
111101111011
111100011011
111000000101
101101111011
101101010110
010001000100
010110001110
101111001100
100110110001
000001100001
000101000110
010010010110
011000100001
011000000100
011000010101
010100010100
001111010010
101100010001
101010010101
101100110000
101110000100
101111011010
110001000110
111010011101
110100100001
001011010011
001111101001
101100010001
101001111110
000100001011
001000101010
111010111011
110111100010
000100010010
000100111010
010001100011
010101010100
010101101010
011000100001
001011001010
001000000111
111101111000
111101111011
000111011111
000001101101
001111111100
011000111000
111101111110
110111101101
101011110011
100111010100
110110111111
111110011110
111100101100
111011010001
101111010000
101101111001
101111111101
110000111010
001000001010
001000010011
010011011010
010101010100
010101101010
011000100001
001010111000
001000010011
110010100101
110000010111
010011101111
010110000010
111100101000
111010101111
111011000111
110111100010
010000000110
010101110111
111010110001
110100010101
110110000010
111000000101
101010111111
100111011111
101010010110
101101111001
111000010101
110100100001
001011110101
001111010010
000101010001
001011010100
111110101011
111010111010
111010000001
111000000101
101101011001
101101101101
111011100001
111110010011
000111001100
000101011101
101011111001
100111010100
101011011010
110001010001
101110000100
100111101011
101010100111
101101100010
001111101110
010011000001
101110011010
101001110010
001101010101
001111110100
101100010001
101001110010
010000110100
011001001111
111111110101
111101111011
111011101001
110100101100
110110110101
111011000110
111100101101
111101111011
010100000110
010110000010
110000010001
101010001001
111001111100
111110010011
000110011001
000010000101
111000010001
111010100011
010011100101
011001000100
111100111010
110100010101
110101001111
110100101100
110111000110
111010111010
000110111100
001000010011
000101111111
000001100010
010000001101
011000111000
111111100101
111010100011
000110011010
000101000110
000101011100
001000010011
111100110100
111010100011
010100000111
011000101100
010110111110
011000111000
110010101011
101010010101
101010111001
100111011111
110101101001
111011010001
111100011011
111101111011
010010001111
001111011101
110111010011
110111101101
101111000000
110000111010
111101011001
111110011110
111100101100
111011010001
101101000111
100111011111
101000011111
100111010100
000000011011
000101010001
000110110001
001011001000
010101100011
010101101011
111100101010
110111001011
001111010100
010010110110
101110101011
101001110010
010000100010
011001011011
110011011110
101101001010
000110100101
001000011110
000110001111
000101000110
111001000100
110111101101
111000001010
110111111001
111010000001
111110010011
111101001110
111011000110
111010000001
110111111001
110111111001
110111111001
110111111001
110111111001
111001100000
111010101111
010010110010
010101100000
010011110001
010101101011
110010101011
110000101110
101110111001
100111101011
100111111100
100111011111
110100000100
110100100001
001100010111
010010110110
110000100010
110000010111
000110100101
000010000101
000011110101
001011101011
110001110001
101010010101
111001001000
111110101010
110001000111
101101111001
101101000001
100111001000
001110011010
011000111000
010110011101
010101001000
010101001000
010101001000
010011110011
010010000111
001000100000
001010111101
010110000110
010101100000
000110111000
000001100010
000010110010
000101000110
111001000100
110111101101
111000001010
110111111001
111001110000
111110011110
101111110011
100111001000
111111111010
000001111001
001101010001
010010101010
101101010101
100110111100
110100010101
110100111000
110110100011
111011000110
111001110000
111000000101
101100000011
101010101100
101100110000
101101101101
000011000101
000010011100
101101001110
110000100011
001001001111
001011110111
111111001100
111101111011
000111011111
000001101101
001111111100
011000111000
111111110110
111010010111
010100000111
011000111000
001000001101
000001111001
101010010011
100111010100
101010111001
101101101101
000011000101
000010011100
101100101100
110000111010
110010000101
110001000110
111011010000
110111111001
000101110111
001011010100
010101000000
010101110111
101111101111
100110110001
000000101100
000101101001
101011100111
100111010100
101000011111
100111011111
110110101110
111110011110
111011111001
110111111001
110111010111
110100010101
001011110101
001111011101
110111010011
110111101101
101100100110
101010101100
101100001101
101110000100
101111001001
110001010001
101110100111
100111010100
000001001110
001000101010
111011011101
111011000110
110000010101
101101010110
001111101111
001111010010
001110111111
010001111100
010000010101
001111000110
111001011101
111010100011
000101110111
000101011101
101110110101
101101001010
010010001001
010101101011
010100100100
011000111000
110101000101
110000100011
111100100110
111011011101
101110001011
101010100000
111000000011
111011010001
111000011010
110100111000
101100010100
110000111010
111100100110
111011000110
000111001100
001011110111
110011010110
110000111010
110001010010
101101101101
000011000101
000010011100
101011100111
101101101101
101101110100
101010101100
111001001000
111110010011
001000100001
001000011110
111001100110
110100101100
101011010000
101101111001
101110100111
101101111001
110111110010
110100111000
110100001001
110100111000
101001001000
100111010100
110100000100
110100101100
000000010001
000001111001
000001111110
000101010001
101111101000
110000101110
111100110111
111011000110
000101100110
000101000110
000101111111
000111111011
010011101100
010101100000
000110100111
000001101101
110111001101
110111101101
111001001111
111011000110
111011000110
111011000110
111010110100
111011010001
101101011001
100111010100
110011110010
110100111000
110100101100
110100100001
000001010101
000101010001
111000100001
110111111001
101111010001
110000100011
010101000101
011000111000
010110011101
010101001000
010110001101
011000010101
010110011101
010101101011
110000000001
100110110001
000011101001
001011011111
010011111100
010010011110
111010100001
110111001011
001110100001
001111011101
111001001011
111010010111
010001111111
010010011110
000110010110
001000000111
111010011010
110100100001
110111111001
111110011110
110001111011
101101100010
000100001011
000001111001
001110100110
010101101011
111101011100
111010100011
000110111100
001000101010
101111101000
101010001001
000010100100
000101101001
101110100100
101101001010
010010111100
011001000100
001000001101
000001101101
111001000100
111110010011
110010011110
101101010110
001110111011
001111110100
101100000000
101001111110
000001110001
000010011100
101101001110
110000100011
001001110001
001011011111
010101000000
010101101011
111011110101
110111101101
101100110111
101010100000
111000100110
111010111010
010000111001
010010101010
111100000111
111101110000
000111001101
000010000101
111000110011
111110000111
111011101001
110100100001
000001111000
000100111010
010000101111
010101110111
110010011001
110000101110
